City id,turn,Infected,Healthy,Dead,Recovered,Actions
0,0,1.1494252873563219e-07,0.9999998850574713,0.0,0.0,"['Cough', 'Cough', 'Cough', 'Cough', 'Cough']"
0,1,2.9422917116709267e-05,0.9999695474965584,0.0,1.0295863246151988e-06,[]
0,2,0.007475019065300738,0.992261364277595,0.0,0.00026361665710437655,[]
0,3,0.6362304311127823,0.32617053096642906,0.0,0.037599037920789086,[]
0,4,0.8141266151581028,0.11227451705905177,0.0,0.07359886778284574,['Death']
0,5,0.19616360529010354,0.011297324484516872,0.6280359199968603,0.16450315022851925,[]
0,6,0.04133296567186903,0.00682760830060105,0.7671940101580894,0.1846454158694401,"['Cough', 'Cough']"
0,7,0.008667073278591697,0.006016878938977986,0.79642269668835,0.18889335109407998,[]
0,8,0.0018129967612376312,0.0058597718370662875,0.802544213062194,0.18978301833950148,[]
0,9,0.00037906331176544914,0.0058274420149606095,0.8038244183902453,0.18996907628302803,[]
0,10,7.924703635080412e-05,0.005820705548851233,0.8040920718605568,0.19000797555424082,['Death']
0,11,6.609015235416346e-06,0.005819726681361647,0.8041597139257276,0.19001395037767432,[]
0,12,5.511750517795807e-07,0.005819645053745368,0.8041653551079195,0.19001444866328207,[]
0,13,4.596658850545924e-08,0.005819638246262863,0.8041658255681173,0.19001449021903014,[]
0,14,3.833495766389043e-09,0.005819637678536616,0.804165864803293,0.19001449368467305,['Death']
0,15,2.0507456733851198e-10,0.005819637636967174,0.8041658682176345,0.1900144939403222,[]
0,16,1.0970555526486946e-11,0.0,0.8041658684002859,0.1958341315887416,[]
0,17,5.672288698760904e-13,0.0,0.8041658684099646,0.19583413158946636,['Fatigue']
0,18,2.6595115350630545e-14,0.0,0.8041658684104679,0.19583413158950347,[]
1,0,0.0,1.0,0.0,0.0,"['Cough', 'Cough', 'Cough', 'Cough', 'Cough']"
1,1,0.0,1.0,0.0,0.0,[]
1,2,0.0,1.0,0.0,0.0,[]
1,3,1.953125e-06,0.999998046875,0.0,0.0,[]
1,4,0.0002026044212274303,0.9997903460723235,0.0,7.04950644922341e-06,['Death']
1,5,0.002661651727314421,0.995865198698509,0.001308293914053163,0.00016485566012383994,[]
1,6,0.03253554045632047,0.9474053414649146,0.01789373034952263,0.0021653877292426176,"['Cough', 'Cough']"
1,7,0.29703713239827917,0.4571081665593677,0.219296956563803,0.02655774447855067,[]
1,8,0.28126636405991984,0.1744682181035046,0.4854708130690655,0.05879460476751032,[]
1,9,0.10036105600863647,0.06927893779598038,0.7406590339440604,0.08970097225132345,[]
1,10,0.02818073868174222,0.051941987221958405,0.8205058862185792,0.09937138787772053,['Death']
1,11,0.002998145653334806,0.04921747479622706,0.8464996351923298,0.10128474435810886,[]
1,12,0.00031730544843300073,0.04893698065134221,0.8492579356489,0.10148777825132545,[]
1,13,3.356334607727367e-05,0.04890739757984869,0.8495497787398854,0.10150926033418918,[]
1,14,3.5499965971342714e-06,0.048904269543395315,0.8495806478985662,0.1015115325614415,['Death']
1,15,2.411696824731103e-07,0.048903980838750596,0.8495840341423246,0.10151174384924264,[]
1,16,1.6383899383436874e-08,0.0,0.8495842641873712,0.15041571942872942,[]
1,17,8.77209912712548e-10,0.0,0.8495842787833323,0.15041572033945783,['Fatigue']
1,18,4.262139006806806e-11,0.0,0.8495842795694881,0.15041572038789117,[]
2,0,0.0,1.0,0.0,0.0,"['Cough', 'Cough', 'Cough', 'Cough', 'Cough']"
2,1,0.0,1.0,0.0,0.0,[]
2,2,0.0,1.0,0.0,0.0,[]
2,3,2.6881720430107525e-06,0.999997311827957,0.0,0.0,[]
2,4,0.00011108134444826028,0.9998848283795605,0.0,4.090275991012952e-06,['Death']
2,5,0.001043338334889072,0.9985130546255164,0.00038050678135408193,6.310025824002394e-05,[]
2,6,0.00963966659581455,0.9858219388835016,0.003925523795005817,0.0006128707256771523,"['Cough', 'Cough']"
2,7,0.1319508601235841,0.8115677281948236,0.04886999129327892,0.007611420388312971,[]
2,8,0.3809635523430427,0.25989833402539986,0.31074820028884426,0.048389913342712886,[]
2,9,0.22909120296279492,0.0724805416816141,0.6043240374405706,0.0941042179150206,[]
2,10,0.09644092172083278,0.0388405517566544,0.7482091657262141,0.11650936079629944,['Death']
2,11,0.020507847652658673,0.03219060192014414,0.8236523050336725,0.12364924539352537,[]
2,12,0.00430730830551571,0.030939219058530126,0.8395953855376971,0.12515808709825763,[]
2,13,0.0009024811016008539,0.030682989526567523,0.8429399181096222,0.12547461126220957,[]
2,14,0.00018899600516646063,0.030629588283558006,0.843640501718748,0.12554091399252784,['Death']
2,15,2.9519408452313106e-05,0.030619533355353758,0.8437974428997946,0.12555350433639925,[]
2,16,4.6105734869626344e-06,0.0,0.8438219554291944,0.15617343399731856,[]
2,17,6.398345625459302e-07,0.0,0.8438256312791974,0.15617372888623973,['Fatigue']
2,18,8.3224618472452e-08,0.0,0.8438261470359625,0.15617376973941918,[]
3,0,0.0,1.0,0.0,0.0,"['Cough', 'Cough', 'Cough', 'Cough', 'Cough']"
3,1,0.0,1.0,0.0,0.0,[]
3,2,0.0,1.0,0.0,0.0,[]
3,3,2.8735632183908046e-06,0.9999971264367816,0.0,0.0,[]
3,4,0.00011874120899596777,0.9998768864435525,0.0,4.3723474519880435e-06,['Death']
3,5,0.0017497614767153782,0.9978835449545038,0.00027654620918807335,9.014735959314507e-05,[]
3,6,0.024969259671891307,0.9694088865285294,0.0042876130607834625,0.001334240738796207,"['Cough', 'Cough']"
3,7,0.35811420031570385,0.5508609741009216,0.06940958548957608,0.021615240093798796,[]
3,8,0.5537841844483972,0.2084944314352718,0.18126950137595293,0.05645188274037829,[]
3,9,0.4239165093771858,0.02604954313174012,0.41941589975590604,0.13061804773516858,[]
3,10,0.24390081327325616,0.00695067560880518,0.57124589878107,0.17790261233686905,['Death']
3,11,0.10007253718619609,0.0037510860554032374,0.6948736760655689,0.201302700692832,[]
3,12,0.04079161336083549,0.002916385621517648,0.7454216519534503,0.21087034906419685,[]
3,13,0.016595326525089955,0.0026324883968337318,0.7660057142311889,0.21476647084688735,[]
3,14,0.006746826791876545,0.002525127701003443,0.7743770586048274,0.21635098690229237,['Death']
3,15,0.0023695878789670765,0.0024852266614680775,0.7781834722200206,0.2169617132395437,[]
3,16,0.0008321564117461487,0.0,0.7795202796985996,0.2196475638896538,[]
3,17,0.0002894807399760323,0.0,0.7799879234879972,0.2197225957720265,['Fatigue']
3,18,9.73758475626218e-05,0.0,0.7801537569828014,0.21974886716963604,[]
