City id,City Name,turn,Infected,Healthy,Dead,Recovered,Actions
0,London,0,0.0,1.0,0.0,0.0,"['Cough', 'Cough', 'Cough', 'Cough']"
0,London,1,0.0,1.0,0.0,0.0,['Cough']
0,London,2,0.0,1.0,0.0,0.0,[]
0,London,3,1.1494252873563219e-07,0.9999998850574713,0.0,0.0,['Fatigue']
0,London,4,3.6029678911063943e-06,0.9999956082241961,5.892403436515076e-07,1.9956756981462703e-07,[]
0,London,5,0.00011292062413061666,0.9998615666022438,1.9058068818146402e-05,6.45470480827568e-06,[]
0,London,6,0.0035220711283553497,0.9956793692684488,0.0005965248661693023,0.00020203473702712197,[]
0,London,7,0.09543654433691422,0.8812781141900173,0.01739417464936836,0.0058911668237004895,['Death']
0,London,8,0.24932614053118207,0.31367938058739586,0.3897769879734087,0.04721749090801363,[]
0,London,9,0.10737129622819365,0.14434481786296527,0.6699710051348531,0.0783128807739882,[]
0,London,10,0.025991853213146256,0.10759401600328317,0.7763009576243709,0.09011317315919998,['Fatigue']
0,London,11,0.0029113940023335312,0.1056072531598732,0.7992121512985771,0.09226920153921613,[]
0,London,12,0.00032563859390505524,0.10538719195109739,0.8017766400078579,0.09251052944714011,['Fatigue']
0,London,13,1.9254289683977546e-05,0.10540743360159183,0.8020405091290311,0.09253280297969264,[]
0,London,14,1.1384495736515025e-06,0.10540863056182288,0.802056111032161,0.09253411995644123,[]
0,London,15,6.73131292739214e-08,0.10540870133497063,0.8020570335265202,0.09253419782537885,[]
0,London,16,3.9800244850246025e-09,0.0,0.8020570880708603,0.19794290794911418,['Death']
0,London,17,1.9554136366505763e-10,0.0,0.8020570915961202,0.19794290820833715,[]
0,London,18,9.607082832746433e-12,0.0,0.8020570917693184,0.1979429082210729,[]
1,Edinburgh,0,0.0,1.0,0.0,0.0,"['Cough', 'Cough', 'Cough', 'Cough']"
1,Edinburgh,1,0.0,1.0,0.0,0.0,['Cough']
1,Edinburgh,2,0.0,1.0,0.0,0.0,[]
1,Edinburgh,3,0.0,1.0,0.0,0.0,['Fatigue']
1,Edinburgh,4,1.953125e-06,0.999998046875,0.0,0.0,[]
1,Edinburgh,5,3.158041853586008e-05,0.9999604489667361,6.216171761646502e-06,1.754442966818468e-06,[]
1,Edinburgh,6,0.0005102700944201764,0.9993529256575895,0.00010669173359914291,3.0112514391189466e-05,[]
1,Edinburgh,7,0.00815210485643527,0.9896409885256647,0.0017211358303131452,0.00048577078758717235,['Death']
1,Edinburgh,8,0.058769633306930684,0.8870577338692603,0.049287813800806074,0.0048848190230029705,[]
1,Edinburgh,9,0.17035180365560182,0.5419555195989854,0.2630397141372104,0.024652962608202118,[]
1,Edinburgh,10,0.11968502554635513,0.2802247976370298,0.5489918670195523,0.05109830979706279,['Fatigue']
1,Edinburgh,11,0.017061432768214667,0.2592731467400953,0.663581054107414,0.06008436638427541,[]
1,Edinburgh,12,0.002399503485197716,0.25643707329371,0.6798066495324614,0.061356773688630364,['Fatigue']
1,Edinburgh,13,0.00012085144617175957,0.25672632046590216,0.681665311054126,0.061487517033799045,[]
1,Edinburgh,14,6.085853516499066e-06,0.2567408962061993,0.6817589164466451,0.061494101493638084,[]
1,Edinburgh,15,3.0647007453475225e-07,0.2567416302329721,0.6817636302233429,0.061494433073609314,[]
1,Edinburgh,16,1.5433147209382065e-08,0.0,0.681763867598633,0.3182361169682186,['Death']
1,Edinburgh,17,7.851844429317119e-10,0.0,0.6817638814008316,0.3182361178139831,[]
1,Edinburgh,18,3.994743269520511e-11,0.0,0.6817638821030396,0.3182361178570129,[]
2,Cardiff,0,2.6881720430107525e-06,0.999997311827957,0.0,0.0,"['Cough', 'Cough', 'Cough', 'Cough']"
2,Cardiff,1,0.00011108134444826028,0.9998848283795605,0.0,4.090275991012952e-06,['Cough']
2,Cardiff,2,0.004773018296277863,0.9950485585563432,0.0,0.0001784231473787324,[]
2,Cardiff,3,0.17035203091269163,0.8226399453490056,0.0,0.00700802373830293,['Fatigue']
2,Cardiff,4,0.4399527670771372,0.43290342957437994,0.0881485898259866,0.03899521352249631,[]
2,Cardiff,5,0.4997160174971161,0.09999657093980933,0.2885653512789399,0.11172206028413458,[]
2,Cardiff,6,0.34227738665139673,0.029476180501640765,0.4558283126505581,0.1724181201964042,[]
2,Cardiff,7,0.21132071468705593,0.013430910917607827,0.5636897165655096,0.21155865782982605,['Death']
2,Cardiff,8,0.05613243719609561,0.009054391531198976,0.7062977011008982,0.22851547017180665,[]
2,Cardiff,9,0.014802212920921159,0.00815862530788766,0.7440363722730081,0.23300278949818257,[]
2,Cardiff,10,0.003897014712242578,0.007937823990893792,0.7539800214948176,0.2341851398020454,['Fatigue']
2,Cardiff,11,0.000802510263070107,0.007919588049099112,0.7568076637109487,0.23447023797688152,[]
2,Cardiff,12,0.00016525872573266854,0.00791583799728432,0.7573899554945338,0.23452894778244845,['Fatigue']
2,Cardiff,13,2.8132103825437123e-05,0.007916558732879936,0.7575150479369872,0.23454026122630656,[]
2,Cardiff,14,4.788944984685176e-06,0.007916681430753785,0.7575363425031953,0.2345421871210653,[]
2,Cardiff,15,8.152249341415255e-07,0.007916702317877167,0.7575399674899087,0.23454251496727938,[]
2,Cardiff,16,1.3877622056363272e-07,0.0,0.757540584573535,0.24245927665024375,['Death']
2,Cardiff,17,1.8620433344816015e-08,0.0,0.7575406959541581,0.2424592854254081,[]
2,Cardiff,18,2.4984146170038937e-09,0.0,0.7575407108987604,0.24245928660282412,[]
3,Belfast,0,0.0,1.0,0.0,0.0,"['Cough', 'Cough', 'Cough', 'Cough']"
3,Belfast,1,0.0,1.0,0.0,0.0,['Cough']
3,Belfast,2,0.0,1.0,0.0,0.0,[]
3,Belfast,3,0.0,1.0,0.0,0.0,['Fatigue']
3,Belfast,4,0.0,1.0,0.0,0.0,[]
3,Belfast,5,2.8735632183908046e-06,0.9999971264367816,0.0,0.0,[]
3,Belfast,6,3.476957574676899e-05,0.9999609268283264,2.4937451171883365e-06,1.8098508097379228e-06,[]
3,Belfast,7,0.00042051829388170065,0.9995231168143762,3.2660983036002374e-05,2.3703908706272616e-05,['Death']
3,Belfast,8,0.005363067036435712,0.993144343677654,0.001192955561691899,0.00029963372421815127,[]
3,Belfast,9,0.06246344499123241,0.9185333316926843,0.015339417504925054,0.003663805811158289,[]
3,Belfast,10,0.348842875808717,0.4931461248056599,0.12764078880836952,0.03037021057725363,['Fatigue']
3,Belfast,11,0.2647201162863998,0.3747514882880454,0.2961734390368751,0.06435495638867993,[]
3,Belfast,12,0.16405773702202398,0.2924325033170225,0.4484484280503554,0.09506133161059853,['Fatigue']
3,Belfast,13,0.04393232913738802,0.3255280789737595,0.5221474779120635,0.10839211397678918,[]
3,Belfast,14,0.011502027452366467,0.3349084974401415,0.5416666984959739,0.11192277661151845,[]
3,Belfast,15,0.002992776948484482,0.3374013955714707,0.5467614969362288,0.112844330543816,[]
3,Belfast,16,0.00077743734496362,0.0,0.5480860728416741,0.45113648981336285,['Death']
3,Belfast,17,0.00026596755874859593,0.0,0.5485279203776549,0.4512061120635968,[]
3,Belfast,18,9.098963764082884e-05,0.0,0.5486790799678714,0.45122993039448794,[]
