City id,City Name,turn,Infected,Healthy,Dead,Recovered,Actions
0,Hkblkg,0,0.0,1.0,0.0,0.0,"['Cough', 'Cough', 'Cough', 'Cough']"
0,Hkblkg,1,0.0,1.0,0.0,0.0,[]
0,Hkblkg,2,0.0,1.0,0.0,0.0,[]
0,Hkblkg,3,0.0,1.0,0.0,0.0,[]
0,Hkblkg,4,0.0,1.0,0.0,0.0,['Death']
0,Hkblkg,5,0.0,1.0,0.0,0.0,[]
0,Hkblkg,6,0.0,1.0,0.0,0.0,[]
0,Hkblkg,7,0.0,1.0,0.0,0.0,"['Cough', 'Cough']"
0,Hkblkg,8,0.0,1.0,0.0,0.0,[]
0,Hkblkg,9,1.0110497628582782e-06,0.9999989889502371,0.0,0.0,[]
0,Hkblkg,10,7.436863612000712e-05,0.9999139295088272,9.26302141456309e-06,2.438833637888525e-06,"['Cough', 'Cough']"
0,Hkblkg,11,0.005466105675781206,0.9936596047144926,0.0006915569837388164,0.0001827326259872715,[]
0,Hkblkg,12,0.26491322078781165,0.682821275673101,0.04134123557068309,0.01092426796840425,[]
0,Hkblkg,13,0.5492366408037964,0.27311425833088565,0.14051777844028418,0.03713132242503419,['Death']
0,Hkblkg,14,0.2558978575043553,0.15126158284425834,0.498216151300142,0.09462440835124518,[]
0,Hkblkg,15,0.13963171277980257,0.0330607437708547,0.6812271634112039,0.14608038003813956,[]
0,Hkblkg,16,0.05473093300081086,0.02086391268486307,0.7648793115467465,0.15952584276758053,"['Cough', 'Cough']"
0,Hkblkg,17,0.020708683132523078,0.017429886188702896,0.7970746307586365,0.164786799920139,[]
0,Hkblkg,18,0.007752395479596367,0.016289953307229193,0.809190953143981,0.1667666980691948,[]
0,Hkblkg,19,0.002891516729358376,0.01588348801324944,0.8137184673381952,0.16750652791919868,[]
1,Mabmp,0,0.0,1.0,0.0,0.0,"['Cough', 'Cough', 'Cough', 'Cough']"
1,Mabmp,1,0.0,1.0,0.0,0.0,[]
1,Mabmp,2,0.0,1.0,0.0,0.0,[]
1,Mabmp,3,0.0,1.0,0.0,0.0,[]
1,Mabmp,4,0.0,1.0,0.0,0.0,['Death']
1,Mabmp,5,0.0,1.0,0.0,0.0,[]
1,Mabmp,6,0.0,1.0,0.0,0.0,[]
1,Mabmp,7,0.0,1.0,0.0,0.0,"['Cough', 'Cough']"
1,Mabmp,8,0.0,1.0,0.0,0.0,[]
1,Mabmp,9,0.0,1.0,0.0,0.0,[]
1,Mabmp,10,7.863242486671804e-06,0.9999921367575133,0.0,0.0,"['Cough', 'Cough']"
1,Mabmp,11,0.00014545211197780118,0.9997876929017964,5.7988672123762416e-05,8.866314101698487e-06,[]
1,Mabmp,12,0.002676707298881753,0.9960229033867355,0.0011279315701399884,0.00017245774424251876,[]
1,Mabmp,13,0.044962733749769904,0.9320384782516542,0.01994868672914957,0.0030501012694261454,['Death']
1,Mabmp,14,0.14670616312602108,0.6143594520711343,0.21751074128461273,0.02142364351823184,[]
1,Mabmp,15,0.11034871533383868,0.18912003417664067,0.5093011948128265,0.19123005567669418,[]
1,Mabmp,16,0.023284824261565196,0.14757759279612653,0.6269646631998661,0.20217291974244195,"['Cough', 'Cough']"
1,Mabmp,17,0.004539376179043271,0.1402387189327637,0.6507957496959739,0.20442615519221916,[]
1,Mabmp,18,0.0008708803971178706,0.1388623803783754,0.6554047973713029,0.20486194185320344,[]
1,Mabmp,19,0.00016657331495077818,0.13860028305282268,0.6562877211091087,0.20494542252311732,[]
2,Avyqull,0,0.0,1.0,0.0,0.0,"['Cough', 'Cough', 'Cough', 'Cough']"
2,Avyqull,1,0.0,1.0,0.0,0.0,[]
2,Avyqull,2,0.0,1.0,0.0,0.0,[]
2,Avyqull,3,0.0,1.0,0.0,0.0,[]
2,Avyqull,4,0.0,1.0,0.0,0.0,['Death']
2,Avyqull,5,0.0,1.0,0.0,0.0,[]
2,Avyqull,6,0.0,1.0,0.0,0.0,[]
2,Avyqull,7,0.0,1.0,0.0,0.0,"['Cough', 'Cough']"
2,Avyqull,8,0.0,1.0,0.0,0.0,[]
2,Avyqull,9,0.0,1.0,0.0,0.0,[]
2,Avyqull,10,0.0,1.0,0.0,0.0,"['Cough', 'Cough']"
2,Avyqull,11,1.4597005862157554e-06,0.9999985402994138,0.0,0.0,[]
2,Avyqull,12,6.364526997135327e-05,0.9999128858840574,2.0915184745747508e-05,2.5536612255298276e-06,[]
2,Avyqull,13,0.002761663055681717,0.9961940094866064,0.0009306934708181992,0.00011363398689392112,['Death']
2,Avyqull,14,0.04317049997708945,0.9216124257192705,0.03274101015121067,0.0024760641524300465,[]
2,Avyqull,15,0.19885699675611823,0.19840084709320516,0.2952657303116864,0.30747642583899076,[]
2,Avyqull,16,0.05886942596436784,0.12073139950198192,0.4978756847788762,0.3225234897547746,"['Cough', 'Cough']"
2,Avyqull,17,0.01047683072685104,0.10380074416705387,0.5586130783142081,0.3271093467918869,[]
2,Avyqull,18,0.00178817023519229,0.10110516568878018,0.5691981149796791,0.3279085490963488,[]
2,Avyqull,19,0.0003031262417482036,0.1006537186046155,0.5709986594967947,0.3280444956568418,[]
3,Gsjna,0,0.0,1.0,0.0,0.0,"['Cough', 'Cough', 'Cough', 'Cough']"
3,Gsjna,1,0.0,1.0,0.0,0.0,[]
3,Gsjna,2,0.0,1.0,0.0,0.0,[]
3,Gsjna,3,0.0,1.0,0.0,0.0,[]
3,Gsjna,4,0.0,1.0,0.0,0.0,['Death']
3,Gsjna,5,0.0,1.0,0.0,0.0,[]
3,Gsjna,6,0.0,1.0,0.0,0.0,[]
3,Gsjna,7,0.0,1.0,0.0,0.0,"['Cough', 'Cough']"
3,Gsjna,8,0.0,1.0,0.0,0.0,[]
3,Gsjna,9,0.0,1.0,0.0,0.0,[]
3,Gsjna,10,1.212332819304218e-06,0.9999987876671806,0.0,0.0,"['Cough', 'Cough']"
3,Gsjna,11,4.273194821268075e-05,0.999943842454837,1.1110435131797419e-05,2.3151618186732816e-06,[]
3,Gsjna,12,0.0015025915199100009,0.9980113184926713,0.0004022667515907425,8.382323582802387e-05,[]
3,Gsjna,13,0.04870079503473671,0.9348476037706,0.013614623510733817,0.002836977683930125,['Death']
3,Gsjna,14,0.25395766274978354,0.46041727961330964,0.2525088177710512,0.033116239865856704,[]
3,Gsjna,15,0.1929105257651539,0.087758359688093,0.5422328374828281,0.17709827706392592,[]
3,Gsjna,16,0.042941635841531545,0.0541791844720969,0.7051336216430895,0.19774555804328336,"['Cough', 'Cough']"
3,Gsjna,17,0.008898148350394677,0.04878269389832293,0.7400715506322513,0.20224760711903242,[]
3,Gsjna,18,0.00182014381882126,0.047740737214883956,0.7472646233022702,0.2031744956640259,[]
3,Gsjna,19,0.0003713677990817496,0.0475306457145241,0.7487341321220846,0.2033638543643112,[]
4,Puy,0,0.0,1.0,0.0,0.0,"['Cough', 'Cough', 'Cough', 'Cough']"
4,Puy,1,0.0,1.0,0.0,0.0,[]
4,Puy,2,0.0,1.0,0.0,0.0,[]
4,Puy,3,0.0,1.0,0.0,0.0,[]
4,Puy,4,0.0,1.0,0.0,0.0,['Death']
4,Puy,5,1.0012816404998398e-05,0.999989987183595,0.0,0.0,[]
4,Puy,6,0.00029066300492968424,0.9996553553467653,3.78628088066437e-05,1.6118839498875266e-05,[]
4,Puy,7,0.008347364871417882,0.9900398800107706,0.0011311888501820252,0.0004815662676299373,"['Cough', 'Cough']"
4,Puy,8,0.3124015237957723,0.6240175216621016,0.04454287658648897,0.01903807795563816,[]
4,Puy,9,0.5613392252053258,0.25495146156596155,0.12869853778084833,0.05501077544786516,[]
4,Puy,10,0.3778531430088899,0.1272585636730863,0.34669429752917913,0.1481939957888458,"['Cough', 'Cough']"
4,Puy,11,0.26221595337691217,0.02491989147230559,0.49923036224637496,0.21363379290440832,[]
4,Puy,12,0.14569251006555103,0.009302942559189809,0.5917001212859021,0.25330442608935794,[]
4,Puy,13,0.07775796258948207,0.005453687411454104,0.641933292383866,0.2748550576151987,['Death']
4,Puy,14,0.030318532947597964,0.004271369475660346,0.6804928803776776,0.28491721719906493,[]
4,Puy,15,0.011780874920075885,0.002252797840160519,0.6955013102403665,0.2904650169993974,[]
4,Puy,16,0.004536876342919546,0.0021714584895809316,0.7013106862188359,0.29198097894866437,"['Cough', 'Cough']"
4,Puy,17,0.0017412056623911604,0.002140468899173717,0.7035446759257792,0.29257364951265624,[]
4,Puy,18,0.000668190604717833,0.0021286943372532197,0.704402015900197,0.2928010991578323,[]
4,Puy,19,0.0002564096315830971,0.002124193211848522,0.7047310154382325,0.29288838171833587,[]
5,Cvddwf,0,0.0,1.0,0.0,0.0,"['Cough', 'Cough', 'Cough', 'Cough']"
5,Cvddwf,1,0.0,1.0,0.0,0.0,[]
5,Cvddwf,2,0.0,1.0,0.0,0.0,[]
5,Cvddwf,3,0.0,1.0,0.0,0.0,[]
5,Cvddwf,4,0.0,1.0,0.0,0.0,['Death']
5,Cvddwf,5,0.0,1.0,0.0,0.0,[]
5,Cvddwf,6,0.0,1.0,0.0,0.0,[]
5,Cvddwf,7,0.0,1.0,0.0,0.0,"['Cough', 'Cough']"
5,Cvddwf,8,0.0,1.0,0.0,0.0,[]
5,Cvddwf,9,0.0,1.0,0.0,0.0,[]
5,Cvddwf,10,0.0,1.0,0.0,0.0,"['Cough', 'Cough']"
5,Cvddwf,11,0.0,1.0,0.0,0.0,[]
5,Cvddwf,12,0.0,1.0,0.0,0.0,[]
5,Cvddwf,13,1.2999049769461852e-06,0.999998700095023,0.0,0.0,['Death']
5,Cvddwf,14,3.746933367755214e-05,0.9999456187729461,1.5311194426858026e-05,1.6006989490784857e-06,[]
5,Cvddwf,15,0.0010777818167072386,0.5091933470579563,0.00045619772197376087,0.48927267340336267,[]
5,Cvddwf,16,0.0027651748505343023,0.504651703176679,0.0030402957112929175,0.4895428262614938,"['Cough', 'Cough']"
5,Cvddwf,17,0.007102706487923123,0.4929526670250151,0.00969454961581577,0.49025007687124617,[]
5,Cvddwf,18,0.016604446641428128,0.465408185070779,0.02600384954805083,0.4919835187397422,[]
5,Cvddwf,19,0.03174141286553808,0.41214473495110776,0.06046736224926557,0.49564648993408866,[]
6,Ssuqrktd,0,0.0,1.0,0.0,0.0,"['Cough', 'Cough', 'Cough', 'Cough']"
6,Ssuqrktd,1,0.0,1.0,0.0,0.0,[]
6,Ssuqrktd,2,0.0,1.0,0.0,0.0,[]
6,Ssuqrktd,3,0.0,1.0,0.0,0.0,[]
6,Ssuqrktd,4,0.0,1.0,0.0,0.0,['Death']
6,Ssuqrktd,5,0.0,1.0,0.0,0.0,[]
6,Ssuqrktd,6,0.0,1.0,0.0,0.0,[]
6,Ssuqrktd,7,0.0,1.0,0.0,0.0,"['Cough', 'Cough']"
6,Ssuqrktd,8,0.0,1.0,0.0,0.0,[]
6,Ssuqrktd,9,0.0,1.0,0.0,0.0,[]
6,Ssuqrktd,10,0.0,1.0,0.0,0.0,"['Cough', 'Cough']"
6,Ssuqrktd,11,0.0,1.0,0.0,0.0,[]
6,Ssuqrktd,12,0.0,1.0,0.0,0.0,[]
6,Ssuqrktd,13,0.0,1.0,0.0,0.0,['Death']
6,Ssuqrktd,14,3.2249637997813474e-06,0.9999967750362002,0.0,0.0,[]
6,Ssuqrktd,15,2.007417351190658e-05,0.4299823925465909,1.947116359970111e-05,0.5699780621162972,[]
6,Ssuqrktd,16,1.2042937492493054e-05,0.4299543995157532,5.3075398831727067e-05,0.5699804821479219,"['Cough', 'Cough']"
6,Ssuqrktd,17,7.4221167318828526e-06,0.4299371183891569,7.348318870887218e-05,0.5699819763054019,[]
6,Ssuqrktd,18,4.574018948741862e-06,0.42992646860508177,8.60602409798845e-05,0.5699828971349892,[]
6,Ssuqrktd,19,2.8187244824626607e-06,0.42991990572316335,9.381094885314418e-05,0.5699834646035004,[]
7,Wpb,0,0.0,1.0,0.0,0.0,"['Cough', 'Cough', 'Cough', 'Cough']"
7,Wpb,1,0.0,1.0,0.0,0.0,[]
7,Wpb,2,0.0,1.0,0.0,0.0,[]
7,Wpb,3,0.0,1.0,0.0,0.0,[]
7,Wpb,4,0.0,1.0,0.0,0.0,['Death']
7,Wpb,5,0.0,1.0,0.0,0.0,[]
7,Wpb,6,0.0,1.0,0.0,0.0,[]
7,Wpb,7,0.0,1.0,0.0,0.0,"['Cough', 'Cough']"
7,Wpb,8,4.989820765638099e-06,0.9999950101792343,0.0,0.0,[]
7,Wpb,9,0.00015948759113978235,0.9998112249368336,2.227901276935328e-05,7.008459257119508e-06,[]
7,Wpb,10,0.005064508247934165,0.9939730929159423,0.0007320978724219289,0.0002303009637011803,"['Cough', 'Cough']"
7,Wpb,11,0.13357649583940112,0.8383901955445943,0.021307027306186603,0.00672628130981721,[]
7,Wpb,12,0.5473488616928325,0.19099135961681118,0.19887210268506447,0.062787676005291,[]
7,Wpb,13,0.3357343052909904,0.10986434575742339,0.4213669209024673,0.1330344280491182,['Death']
7,Wpb,14,0.16152618135676014,0.039773123356118,0.6263088510273207,0.17239184425980064,[]
7,Wpb,15,0.06739789393002772,0.013185720812158106,0.7173662751840542,0.20205011007375973,[]
7,Wpb,16,0.025961743187691178,0.011006884673645249,0.753954746368315,0.20907662577034863,"['Cough', 'Cough']"
7,Wpb,17,0.009925484603348652,0.010258346842074361,0.7679977789950209,0.21181838955955617,[]
7,Wpb,18,0.0037870514313906446,0.009986147556306642,0.7733612471319542,0.2128655538803486,[]
7,Wpb,19,0.0014438775424342916,0.00988425073028243,0.7754069203098853,0.2132649514173977,[]
8,Jyudawpc,0,0.0,1.0,0.0,0.0,"['Cough', 'Cough', 'Cough', 'Cough']"
8,Jyudawpc,1,0.0,1.0,0.0,0.0,[]
8,Jyudawpc,2,0.0,1.0,0.0,0.0,[]
8,Jyudawpc,3,0.0,1.0,0.0,0.0,[]
8,Jyudawpc,4,0.0,1.0,0.0,0.0,['Death']
8,Jyudawpc,5,0.0,1.0,0.0,0.0,[]
8,Jyudawpc,6,0.0,1.0,0.0,0.0,[]
8,Jyudawpc,7,0.0,1.0,0.0,0.0,"['Cough', 'Cough']"
8,Jyudawpc,8,0.0,1.0,0.0,0.0,[]
8,Jyudawpc,9,1.1888881755559835e-06,0.9999988111118244,0.0,0.0,[]
8,Jyudawpc,10,9.675074620509013e-05,0.9998736332448683,2.6513493524818995e-05,3.1025154019452085e-06,"['Cough', 'Cough']"
8,Jyudawpc,11,0.007830467642277525,0.9897303134613253,0.0021828678900298617,0.0002563510063673211,[]
8,Jyudawpc,12,0.30340183493320444,0.5604322093165188,0.12185496757275217,0.014310988177524252,[]
8,Jyudawpc,13,0.42424130447987124,0.22822570706170908,0.3110073929065816,0.03652559555183727,['Death']
8,Jyudawpc,14,0.08600148429018875,0.059365738833538885,0.7842973193203584,0.07033545755591336,[]
8,Jyudawpc,15,0.012569426749309538,0.02322102232705145,0.8640108700032735,0.10019868092036499,[]
8,Jyudawpc,16,0.0015501962676304445,0.022514595464375464,0.8749547426461265,0.10098046562186647,"['Cough', 'Cough']"
8,Jyudawpc,17,0.00019079465960627443,0.022427655897583117,0.8763031546408705,0.10107839480193906,[]
8,Jyudawpc,18,2.3477379750258053e-05,0.022416980208956938,0.87646909602307,0.10109044638822155,[]
8,Jyudawpc,19,2.8888249206028613e-06,0.02241566693252316,0.8764895149204208,0.1010919293221344,[]
9,Ooxl,0,0.0,1.0,0.0,0.0,"['Cough', 'Cough', 'Cough', 'Cough']"
9,Ooxl,1,0.0,1.0,0.0,0.0,[]
9,Ooxl,2,0.0,1.0,0.0,0.0,[]
9,Ooxl,3,0.0,1.0,0.0,0.0,[]
9,Ooxl,4,0.0,1.0,0.0,0.0,['Death']
9,Ooxl,5,0.0,1.0,0.0,0.0,[]
9,Ooxl,6,0.0,1.0,0.0,0.0,[]
9,Ooxl,7,0.0,1.0,0.0,0.0,"['Cough', 'Cough']"
9,Ooxl,8,0.0,1.0,0.0,0.0,[]
9,Ooxl,9,0.0,1.0,0.0,0.0,[]
9,Ooxl,10,0.0,1.0,0.0,0.0,"['Cough', 'Cough']"
9,Ooxl,11,4.54822482784969e-06,0.9999954517751721,0.0,0.0,[]
9,Ooxl,12,0.0001450869505202921,0.9998000288999741,4.792997697287241e-05,6.95417253257841e-06,[]
9,Ooxl,13,0.0045909642606315835,0.993610300517356,0.0015708239728258948,0.00022791124918595743,['Death']
9,Ooxl,14,0.05382765655456376,0.9003317992461835,0.04204103080943764,0.003799513389814613,[]
9,Ooxl,15,0.1937941019449719,0.15424236229611582,0.29782536279152283,0.35413817296738875,[]
9,Ooxl,16,0.04593959529216856,0.0974766056721245,0.48585179880947205,0.37073200022623404,"['Cough', 'Cough']"
9,Ooxl,17,0.00817311740690435,0.08744389288439954,0.5297154372753698,0.3746675524333256,[]
9,Ooxl,18,0.0014206952233881689,0.08579038701225572,0.5374292622170161,0.3753596555473392,[]
9,Ooxl,19,0.00024599057838616234,0.08550674762162873,0.5387675333182015,0.3754797284817824,[]
10,Tmoub,0,0.0,1.0,0.0,0.0,"['Cough', 'Cough', 'Cough', 'Cough']"
10,Tmoub,1,0.0,1.0,0.0,0.0,[]
10,Tmoub,2,0.0,1.0,0.0,0.0,[]
10,Tmoub,3,0.0,1.0,0.0,0.0,[]
10,Tmoub,4,0.0,1.0,0.0,0.0,['Death']
10,Tmoub,5,1.4752569897676175e-06,0.9999985247430102,0.0,0.0,[]
10,Tmoub,6,2.2820323273889867e-05,0.9999722499161523,3.5524518649057837e-06,1.3773087088130245e-06,[]
10,Tmoub,7,0.0003528403135946699,0.9995659899721734,5.849198929369167e-05,2.2677724938614004e-05,"['Cough', 'Cough']"
10,Tmoub,8,0.010361600113343717,0.987681727480877,0.0014084653004976758,0.0005482071052820912,[]
10,Tmoub,9,0.2181071411911527,0.7333600730415661,0.03493361579002369,0.01359916997725863,[]
10,Tmoub,10,0.5295663468331328,0.26042848642428074,0.15116027107323626,0.0588448956693514,"['Cough', 'Cough']"
10,Tmoub,11,0.35485774281068583,0.15095981688818677,0.3555003705900068,0.1386820697111218,[]
10,Tmoub,12,0.26104337966042584,0.04072341738665844,0.5022248170054938,0.19600838594742312,[]
10,Tmoub,13,0.15290862754101506,0.017560931965129055,0.5966352188276715,0.2328952216661857,['Death']
10,Tmoub,14,0.06278687420143184,0.01163250186101658,0.674242013819188,0.251338610118365,[]
10,Tmoub,15,0.02542611404548712,0.00580361082677174,0.7058798589477365,0.26289041618000597,[]
10,Tmoub,16,0.010089128603008939,0.005426086554037706,0.7185768959562666,0.2659078888866885,"['Cough', 'Cough']"
10,Tmoub,17,0.0039887148051504645,0.005281105332995018,0.7236069751304529,0.2671232047314032,[]
10,Tmoub,18,0.0015763162490141838,0.005224877331312467,0.7255952219906998,0.26760358442897597,[]
10,Tmoub,19,0.0006228562510484128,0.005202824175890802,0.726380906223987,0.2677934133490764,[]
11,Axlqasr,0,0.0,1.0,0.0,0.0,"['Cough', 'Cough', 'Cough', 'Cough']"
11,Axlqasr,1,0.0,1.0,0.0,0.0,[]
11,Axlqasr,2,0.0,1.0,0.0,0.0,[]
11,Axlqasr,3,0.0,1.0,0.0,0.0,[]
11,Axlqasr,4,0.0,1.0,0.0,0.0,['Death']
11,Axlqasr,5,0.0,1.0,0.0,0.0,[]
11,Axlqasr,6,0.0,1.0,0.0,0.0,[]
11,Axlqasr,7,0.0,1.0,0.0,0.0,"['Cough', 'Cough']"
11,Axlqasr,8,1.0052029303675826e-06,0.9999989947970697,0.0,0.0,[]
11,Axlqasr,9,8.610372611755507e-05,0.9999000377179146,1.0369892403564923e-05,3.4886635647172414e-06,[]
11,Axlqasr,10,0.007307352423716277,0.9914970660896749,0.0008946135083776856,0.00030096797823168995,"['Cough', 'Cough']"
11,Axlqasr,11,0.34300179251609986,0.5814834869156679,0.05645416431569708,0.01906055625253567,[]
11,Axlqasr,12,0.5606595724754126,0.24120576139727612,0.14812246375331714,0.050012202373994535,[]
11,Axlqasr,13,0.3480230104604256,0.11682598253064629,0.4000693612213338,0.13508164578759427,['Death']
11,Axlqasr,14,0.15783212608314304,0.03141718515345081,0.6287110608596402,0.18203962790376554,[]
11,Axlqasr,15,0.058980173067515795,0.009980259737642409,0.7214514068762449,0.20958816031859695,[]
11,Axlqasr,16,0.02042213547983432,0.008245956591200143,0.7548785473185293,0.21645336061043624,"['Cough', 'Cough']"
11,Axlqasr,17,0.007016304390933398,0.007712362906323992,0.7664101837759273,0.21886114892681557,[]
11,Axlqasr,18,0.0024063897260035855,0.007537315198658732,0.7703686287934647,0.2196876662818733,[]
11,Axlqasr,19,0.0008248482531850109,0.007478220103406188,0.7717258745025778,0.2199710571408318,[]
12,Rpfe,0,0.0,1.0,0.0,0.0,"['Cough', 'Cough', 'Cough', 'Cough']"
12,Rpfe,1,0.0,1.0,0.0,0.0,[]
12,Rpfe,2,0.0,1.0,0.0,0.0,[]
12,Rpfe,3,0.0,1.0,0.0,0.0,[]
12,Rpfe,4,0.0,1.0,0.0,0.0,['Death']
12,Rpfe,5,0.0,1.0,0.0,0.0,[]
12,Rpfe,6,0.0,1.0,0.0,0.0,[]
12,Rpfe,7,0.0,1.0,0.0,0.0,"['Cough', 'Cough']"
12,Rpfe,8,0.0,1.0,0.0,0.0,[]
12,Rpfe,9,0.0,1.0,0.0,0.0,[]
12,Rpfe,10,1.0148400053989489e-06,0.9999989851599946,0.0,0.0,"['Cough', 'Cough']"
12,Rpfe,11,2.8458948893983466e-05,0.9999617498470865,8.604870036344606e-06,1.1863339829102182e-06,[]
12,Rpfe,12,0.0007970151382507172,0.9989187989667525,0.0002497530117643704,3.443288323226251e-05,[]
12,Rpfe,13,0.021522862105590162,0.9706448286792279,0.006883321269638427,0.0009489879455436499,['Death']
12,Rpfe,14,0.15988423806003416,0.6885001482108364,0.1395419451240681,0.012073668605061616,[]
12,Rpfe,15,0.19894690157161946,0.16768061782434232,0.46731595556305205,0.1660565250409865,[]
12,Rpfe,16,0.05186235827228021,0.10046558262231964,0.6650349276834713,0.18263713142192903,"['Cough', 'Cough']"
12,Rpfe,17,0.011759402311070425,0.08858193306070279,0.7129375432388445,0.18672112138938277,[]
12,Rpfe,18,0.00259284160033877,0.08612474638741892,0.7236481464153642,0.1876342655968787,[]
12,Rpfe,19,0.0005683307330957216,0.08559381766505494,0.7260028344932795,0.1878350171085696,[]
13,Pajwdvp,0,0.0,1.0,0.0,0.0,"['Cough', 'Cough', 'Cough', 'Cough']"
13,Pajwdvp,1,0.0,1.0,0.0,0.0,[]
13,Pajwdvp,2,0.0,1.0,0.0,0.0,[]
13,Pajwdvp,3,0.0,1.0,0.0,0.0,[]
13,Pajwdvp,4,0.0,1.0,0.0,0.0,['Death']
13,Pajwdvp,5,0.0,1.0,0.0,0.0,[]
13,Pajwdvp,6,0.0,1.0,0.0,0.0,[]
13,Pajwdvp,7,0.0,1.0,0.0,0.0,"['Cough', 'Cough']"
13,Pajwdvp,8,0.0,1.0,0.0,0.0,[]
13,Pajwdvp,9,0.0,1.0,0.0,0.0,[]
13,Pajwdvp,10,0.0,1.0,0.0,0.0,"['Cough', 'Cough']"
13,Pajwdvp,11,5.182501800919376e-06,0.9999948174981991,0.0,0.0,[]
13,Pajwdvp,12,0.00029053855496332547,0.9996476205544099,5.135856437541943e-05,1.0482326251531901e-05,[]
13,Pajwdvp,13,0.015931543977855858,0.9805771397338531,0.0028995215063901403,0.0005917947819012898,['Death']
13,Pajwdvp,14,0.2615916114741339,0.5974339937048294,0.12519949583624093,0.015774898984795935,[]
13,Pajwdvp,15,0.365874361859733,0.08567322638486138,0.35218955154584475,0.19626286020956088,[]
13,Pajwdvp,16,0.11641601471426279,0.028275681795609322,0.6251574548153483,0.23015084867477947,"['Cough', 'Cough']"
13,Pajwdvp,17,0.03289047202137422,0.02024266968686854,0.7064551066109119,0.24041175168084514,[]
13,Pajwdvp,18,0.00910076896884941,0.0184395923704394,0.7291797220378756,0.24327991662283602,[]
13,Pajwdvp,19,0.0025055656614564057,0.01797102248428405,0.7354518631250313,0.2440715487292284,[]
14,Wyy,0,0.0,1.0,0.0,0.0,"['Cough', 'Cough', 'Cough', 'Cough']"
14,Wyy,1,0.0,1.0,0.0,0.0,[]
14,Wyy,2,0.0,1.0,0.0,0.0,[]
14,Wyy,3,0.0,1.0,0.0,0.0,[]
14,Wyy,4,0.0,1.0,0.0,0.0,['Death']
14,Wyy,5,0.0,1.0,0.0,0.0,[]
14,Wyy,6,0.0,1.0,0.0,0.0,[]
14,Wyy,7,0.0,1.0,0.0,0.0,"['Cough', 'Cough']"
14,Wyy,8,0.0,1.0,0.0,0.0,[]
14,Wyy,9,0.0,1.0,0.0,0.0,[]
14,Wyy,10,7.921670521879654e-06,0.9999920783294781,0.0,0.0,"['Cough', 'Cough']"
14,Wyy,11,0.0011351536509663037,0.9986859549198348,0.00014333466490467579,3.555676429444495e-05,[]
14,Wyy,12,0.13473609113686186,0.8417292094399084,0.018856902594848093,0.004677796828382222,[]
14,Wyy,13,0.5840653877623847,0.19134915902922103,0.17994646709574283,0.0446389861126518,['Death']
14,Wyy,14,0.21552399312795484,0.09931403775559951,0.5801380780024714,0.10502389111397384,[]
14,Wyy,15,0.09058966444687548,0.017940790893296976,0.7387332519619328,0.15273629269789435,[]
14,Wyy,16,0.028774483036663353,0.013081319670130624,0.7966663764752223,0.16147782081798293,"['Cough', 'Cough']"
14,Wyy,17,0.00898622523650454,0.011824392462156807,0.8149125449624945,0.16427683733884405,[]
14,Wyy,18,0.0027943070432135605,0.011458090406774124,0.8205985197632725,0.1651490827867404,[]
14,Wyy,19,0.0008677874073892214,0.01134660078028004,0.8223654731240768,0.16542013868825378,[]
15,Bob,0,0.0,1.0,0.0,0.0,"['Cough', 'Cough', 'Cough', 'Cough']"
15,Bob,1,0.0,1.0,0.0,0.0,[]
15,Bob,2,0.0,1.0,0.0,0.0,[]
15,Bob,3,0.0,1.0,0.0,0.0,[]
15,Bob,4,0.0,1.0,0.0,0.0,['Death']
15,Bob,5,0.0,1.0,0.0,0.0,[]
15,Bob,6,0.0,1.0,0.0,0.0,[]
15,Bob,7,0.0,1.0,0.0,0.0,"['Cough', 'Cough']"
15,Bob,8,0.0,1.0,0.0,0.0,[]
15,Bob,9,0.0,1.0,0.0,0.0,[]
15,Bob,10,0.0,1.0,0.0,0.0,"['Cough', 'Cough']"
15,Bob,11,0.0,1.0,0.0,0.0,[]
15,Bob,12,1.9084370091738566e-06,0.9999980915629908,0.0,0.0,[]
15,Bob,13,0.0002860732702975808,0.9996718168832498,3.323192691232172e-05,8.87791954090567e-06,['Death']
15,Bob,14,0.025979380454533418,0.9674921331436573,0.005612925545216781,0.0009155608565934585,[]
15,Bob,15,0.47085685205919786,0.1659229006915654,0.21729219360878277,0.14592805364045552,[]
15,Bob,16,0.3418225563504736,0.04719234368538986,0.4304238173643786,0.18056128259975907,"['Cough', 'Cough']"
15,Bob,17,0.12352427415830602,0.012845719413516431,0.6472485786809296,0.21638142774724903,[]
15,Bob,18,0.041084219053240535,0.008220644761166422,0.7219695625426524,0.22872557364294138,[]
15,Bob,19,0.013468138099073719,0.0070960908265535316,0.7466353331178954,0.23280043795647798,[]
16,Dtf,0,0.0,1.0,0.0,0.0,"['Cough', 'Cough', 'Cough', 'Cough']"
16,Dtf,1,0.0,1.0,0.0,0.0,[]
16,Dtf,2,0.0,1.0,0.0,0.0,[]
16,Dtf,3,0.0,1.0,0.0,0.0,[]
16,Dtf,4,0.0,1.0,0.0,0.0,['Death']
16,Dtf,5,1.191369717764514e-05,0.9999880863028223,0.0,0.0,[]
16,Dtf,6,8.376841090174706e-05,0.9998633912630528,4.720860774518957e-05,5.6317183001425435e-06,[]
16,Dtf,7,0.0005882452102639664,0.9989876144246115,0.00037893551430569065,4.5204850818900525e-05,"['Cough', 'Cough']"
16,Dtf,8,0.00786469454708687,0.9876840403605893,0.003975285344101927,0.0004759797482222338,[]
16,Dtf,9,0.08644025487672105,0.8602769108129,0.0475834220526361,0.0056994122577436095,[]
16,Dtf,10,0.27797523544699043,0.389666621450024,0.29680650483868987,0.03555163826429636,"['Cough', 'Cough']"
16,Dtf,11,0.18442973936622759,0.15205105785096504,0.5924285769658673,0.07109062581694107,[]
16,Dtf,12,0.06917470497584587,0.09266288104479063,0.748329720737983,0.08983269324138134,[]
16,Dtf,13,0.02275204621637943,0.07793311007905013,0.8029194965058696,0.09639534719870148,['Death']
16,Dtf,14,0.0030727520387808637,0.07487050830893924,0.8241117392313457,0.09794500042093468,[]
16,Dtf,15,0.00041273776925266774,0.023084893635653622,0.826966138980492,0.14953622961460267,[]
16,Dtf,16,4.483639901169931e-05,0.023069296274693226,0.8273235057635965,0.1495623615626995,"['Cough', 'Cough']"
16,Dtf,17,4.865279395428533e-06,0.023067575084420838,0.8273623130815283,0.14956524655465644,[]
16,Dtf,18,5.279387907410198e-07,0.023067388323005634,0.8273665241282636,0.1495655596099411,[]
16,Dtf,19,5.728741466786375e-08,0.02306736805733848,0.8273669810752116,0.1495655935800359,[]
17,Rpvj,0,0.0,1.0,0.0,0.0,"['Cough', 'Cough', 'Cough', 'Cough']"
17,Rpvj,1,0.0,1.0,0.0,0.0,[]
17,Rpvj,2,0.0,1.0,0.0,0.0,[]
17,Rpvj,3,0.0,1.0,0.0,0.0,[]
17,Rpvj,4,0.0,1.0,0.0,0.0,['Death']
17,Rpvj,5,0.0,1.0,0.0,0.0,[]
17,Rpvj,6,0.0,1.0,0.0,0.0,[]
17,Rpvj,7,0.0,1.0,0.0,0.0,"['Cough', 'Cough']"
17,Rpvj,8,1.2384038955232937e-06,0.9999987615961045,0.0,0.0,[]
17,Rpvj,9,9.028470040123849e-05,0.9998952922623656,1.0328975392361083e-05,4.094061841194412e-06,[]
17,Rpvj,10,0.006528032687007378,0.9924102827744771,0.0007603192930311782,0.0003013652454845582,"['Cough', 'Cough']"
17,Rpvj,11,0.29386262707565547,0.6453574327199635,0.04348301323949808,0.017296926964883136,[]
17,Rpvj,12,0.5512601978458751,0.2639594724957813,0.13219341894065545,0.05258691071768887,[]
17,Rpvj,13,0.35953922185537607,0.13083120534814557,0.36459194831137803,0.14503762448510138,['Death']
17,Rpvj,14,0.17706319265134804,0.03364725848248471,0.5897659675026578,0.19952358136351064,[]
17,Rpvj,15,0.07040157011148393,0.009902379309581799,0.6876949720445779,0.23200107853435747,[]
17,Rpvj,16,0.025854265666084154,0.007909814500630358,0.725167511232765,0.24106840860052126,"['Cough', 'Cough']"
17,Rpvj,17,0.009412095617073176,0.007276427441656642,0.738871782209158,0.24443969473211327,[]
17,Rpvj,18,0.003419552395601082,0.007058936881669443,0.743855747603404,0.2456657631193265,[]
17,Rpvj,19,0.0012415031100532366,0.006981574486174234,0.7456658655775863,0.24611105682618759,[]
18,Bvkg,0,0.0,1.0,0.0,0.0,"['Cough', 'Cough', 'Cough', 'Cough']"
18,Bvkg,1,0.0,1.0,0.0,0.0,[]
18,Bvkg,2,0.0,1.0,0.0,0.0,[]
18,Bvkg,3,0.0,1.0,0.0,0.0,[]
18,Bvkg,4,0.0,1.0,0.0,0.0,['Death']
18,Bvkg,5,0.0,1.0,0.0,0.0,[]
18,Bvkg,6,0.0,1.0,0.0,0.0,[]
18,Bvkg,7,0.0,1.0,0.0,0.0,"['Cough', 'Cough']"
18,Bvkg,8,0.0,1.0,0.0,0.0,[]
18,Bvkg,9,0.0,1.0,0.0,0.0,[]
18,Bvkg,10,0.0,1.0,0.0,0.0,"['Cough', 'Cough']"
18,Bvkg,11,0.0,1.0,0.0,0.0,[]
18,Bvkg,12,0.0,1.0,0.0,0.0,[]
18,Bvkg,13,0.0,1.0,0.0,0.0,['Death']
18,Bvkg,14,0.0,1.0,0.0,0.0,[]
18,Bvkg,15,3.6666568889149627e-06,0.5099963333431111,0.0,0.49,[]
18,Bvkg,16,1.5168439567464844e-05,0.5099773697455748,6.125419410158989e-06,0.49000133639544735,"['Cough', 'Cough']"
18,Bvkg,17,6.502498616222163e-05,0.5098958708978392,3.202340254139198e-05,0.49000708071345683,[]
18,Bvkg,18,0.00027851733962078076,0.5095467891055018,0.00014299804326794568,0.4900316955116088,[]
18,Bvkg,19,0.0011886481304398463,0.5080569342240078,0.0006174794867732149,0.49013693815877857,[]
19,Ryex,0,2.8307201068879914e-06,0.9999971692798931,0.0,0.0,"['Cough', 'Cough', 'Cough', 'Cough']"
19,Ryex,1,0.0002874990735154553,0.9997011254103341,0.0,1.1375516150177915e-05,[]
19,Ryex,2,0.02836030133054973,0.9704893533109505,0.0,0.0011503453584997421,[]
19,Ryex,3,0.7051762740423118,0.24069426589968995,0.0,0.05412946005799846,[]
19,Ryex,4,0.7344424175014355,0.15605655085787223,0.0,0.1095010316406924,['Death']
19,Ryex,5,0.27629435542311087,0.08607664695932621,0.4383437367290643,0.1992852608884984,[]
19,Ryex,6,0.11443345610293246,0.039289271404816334,0.6115208270607074,0.23475644543154273,[]
19,Ryex,7,0.04292450896821481,0.028901157518867696,0.6794950039034824,0.2486793296094337,"['Cough', 'Cough']"
19,Ryex,8,0.01601803084006053,0.025194389272108965,0.704886238989589,0.2539013408982397,[]
19,Ryex,9,0.005909752847582169,0.023943960019316746,0.7143073765718897,0.25583891056120966,[]
19,Ryex,10,0.0021717929514033867,0.023499401968178027,0.7177764400992132,0.2565523649812029,"['Cough', 'Cough']"
19,Ryex,11,0.0007965606314454246,0.0233380526834919,0.719050119692923,0.2568152669921367,[]
19,Ryex,12,0.00029200835530056676,0.023279168192871433,0.7195171550329309,0.25691166841889396,[]
19,Ryex,13,0.0001070261417129689,0.02325762136473619,0.7196883479101305,0.25694700458341724,['Death']
19,Ryex,14,2.1329209448633657e-05,0.023251495585076182,0.719769928080496,0.2569572471249763,[]
19,Ryex,15,4.250626980585364e-06,0.009067607243683207,0.7197861860464813,0.2711419560828521,[]
19,Ryex,16,7.891000505511473e-07,0.00906751479353625,0.7197893435883281,0.2711423525180818,"['Cough', 'Cough']"
19,Ryex,17,1.4612717101792963e-07,0.009067497361931442,0.7197899292387252,0.2711424272721691,[]
19,Ryex,18,2.7060129032505356e-08,0.009067494133914774,0.7197900376906684,0.2711424411152847,[]
19,Ryex,19,5.011050116815785e-09,0.009067493536144156,0.7197900577740213,0.27114244367878104,[]
