City id,City Name,turn,Infected,Healthy,Dead,Recovered,Actions
0,Hkblkg,0,0.0,1.0,0.0,0.0,"['Cough', 'Cough', 'Cough', 'Cough']"
0,Hkblkg,1,0.0,1.0,0.0,0.0,[]
0,Hkblkg,2,0.0,1.0,0.0,0.0,[]
0,Hkblkg,3,1.0110497628582782e-06,0.9999989889502371,0.0,0.0,[]
0,Hkblkg,4,0.00011762775597371676,0.99987889755934,0.0,3.4746846865133465e-06,['Death']
0,Hkblkg,5,0.003837257435900416,0.9954241884713548,0.0005823716762402044,0.00015618241650448638,[]
0,Hkblkg,6,0.1074972270780319,0.8695301046039113,0.018197500367324558,0.004775167950731759,[]
0,Hkblkg,7,0.5367612981980514,0.20199191278020368,0.20697179816112915,0.05427499086061589,[]
0,Hkblkg,8,0.338654577203126,0.12139355025209544,0.42777780209578076,0.11217407044899799,[]
0,Hkblkg,9,0.22398036575594502,0.03566512460146985,0.5865481586180931,0.1538063510244925,"['Cough', 'Cough', 'Cough', 'Cough']"
0,Hkblkg,10,0.12462515836455888,0.014819305112199806,0.6816253660807438,0.1789301704424983,[]
0,Hkblkg,11,0.0654337371729998,0.009241231457570031,0.7328570640000666,0.1924679673693645,[]
0,Hkblkg,12,0.033752557067929706,0.0072304661516859456,0.7595068869407481,0.19951008983963728,"['Cough', 'Cough']"
0,Hkblkg,13,0.017276930732137735,0.006374373590515139,0.7732004422743889,0.203148253402959,[]
0,Hkblkg,14,0.008816481259281665,0.005976893972601521,0.7801989715528189,0.2050076532152979,[]
0,Hkblkg,15,0.004492542538651724,0.005783878289066962,0.7837677557825128,0.20595582338976895,['Fatigue']
0,Hkblkg,16,0.0019228801641799588,0.003417779566988782,0.7859732989109605,0.20868604135787122,[]
0,Hkblkg,17,0.0008133814858880017,0.0033956446211720124,0.7869125687783698,0.20887840511457087,[]
0,Hkblkg,18,0.0003440358176947239,0.003386325233279033,0.7873098666795495,0.2089597722694768,"['Cough', 'Cough']"
0,Hkblkg,19,0.00014528871423896797,0.003382328570223905,0.7874777995890372,0.2089945831264997,[]
1,Mabmp,0,0.0,1.0,0.0,0.0,"['Cough', 'Cough', 'Cough', 'Cough']"
1,Mabmp,1,0.0,1.0,0.0,0.0,[]
1,Mabmp,2,0.0,1.0,0.0,0.0,[]
1,Mabmp,3,0.0,1.0,0.0,0.0,[]
1,Mabmp,4,0.0,1.0,0.0,0.0,['Death']
1,Mabmp,5,0.0,1.0,0.0,0.0,[]
1,Mabmp,6,0.0,1.0,0.0,0.0,[]
1,Mabmp,7,0.0,1.0,0.0,0.0,[]
1,Mabmp,8,7.863242486671804e-06,0.9999921367575133,0.0,0.0,[]
1,Mabmp,9,7.142027787770483e-05,0.9998876386370205,3.554768317949772e-05,5.393401922651081e-06,"['Cough', 'Cough', 'Cough', 'Cough']"
1,Mabmp,10,0.001317912417892865,0.9980346456507182,0.0005616143343570457,8.582759703258673e-05,[]
1,Mabmp,11,0.023229540848774967,0.9651815763728829,0.010052000342302459,0.001536882436040149,[]
1,Mabmp,12,0.2208027861519649,0.6269469663754876,0.13205884258777797,0.02019140488477002,"['Cough', 'Cough']"
1,Mabmp,13,0.2981288831632883,0.24929190366125434,0.39237030462555395,0.06020890854990401,[]
1,Mabmp,14,0.1367446654447492,0.09432538578534773,0.6665687067229983,0.10236124204690546,[]
1,Mabmp,15,0.045084263742214706,0.06514743463059933,0.7713058846002475,0.11846241702693908,['Fatigue']
1,Mabmp,16,0.009358407274216404,0.03362055932461782,0.808757650733379,0.1482633826677874,[]
1,Mabmp,17,0.001716935099076998,0.03296548317348226,0.8161752079764686,0.1491423737509729,[]
1,Mabmp,18,0.00031455834373024874,0.032846786410135095,0.817535128928189,0.14930352631794683,"['Cough', 'Cough']"
1,Mabmp,19,5.7615810576344676e-05,0.03282472956271199,0.8177842485220347,0.14933340610467835,[]
2,Avyqull,0,0.0,1.0,0.0,0.0,"['Cough', 'Cough', 'Cough', 'Cough']"
2,Avyqull,1,0.0,1.0,0.0,0.0,[]
2,Avyqull,2,0.0,1.0,0.0,0.0,[]
2,Avyqull,3,1.4597005862157554e-06,0.9999985402994138,0.0,0.0,[]
2,Avyqull,4,0.00020261528274643207,0.999791159505368,0.0,6.2252118854209965e-06,['Death']
2,Avyqull,5,0.0037463201407802052,0.994507894419315,0.001551574164894061,0.00019421127501031887,[]
2,Avyqull,6,0.06099899960127531,0.9070558752639816,0.02848741375967023,0.0034577113750725295,[]
2,Avyqull,7,0.29877265458976193,0.4089563582663282,0.26068108859850314,0.0315898985454068,[]
2,Avyqull,8,0.23395154291642578,0.15339102337182195,0.5464448841084671,0.06621254960328533,[]
2,Avyqull,9,0.08705824022314414,0.07767156849522988,0.7450009316990628,0.09026925958256289,"['Cough', 'Cough', 'Cough', 'Cough']"
2,Avyqull,10,0.028744073054088163,0.05851557982501327,0.8140415067509107,0.0986988403699874,[]
2,Avyqull,11,0.008969149860916906,0.05343912392813013,0.8361887902386127,0.10140293597233971,[]
2,Avyqull,12,0.0027551614341589014,0.051959084721992795,0.8430456254480575,0.1022401283957902,"['Cough', 'Cough']"
2,Avyqull,13,0.0008417134901770613,0.051513889314423064,0.8451463793848973,0.10249801781050219,[]
2,Avyqull,14,0.00025678661943511323,0.05137874065105412,0.845787723279518,0.1025767494499923,[]
2,Avyqull,15,7.830604673227929e-05,0.05133758975454905,0.8459833406768192,0.10260076352189901,['Fatigue']
2,Avyqull,16,1.5850203400243533e-05,0.021044087490920432,0.8460500326093641,0.1328900296963142,[]
2,Avyqull,17,2.7323590835747375e-06,0.021043261642051527,0.8460627708892511,0.13289123510961248,[]
2,Avyqull,18,4.710204933465065e-07,0.02104311928041008,0.8460649667928689,0.13289144290622606,"['Cough', 'Cough']"
2,Avyqull,19,8.118693990356994e-08,0.021043094333255904,0.8460653453186753,0.13289147916112726,[]
3,Gsjna,0,1.212332819304218e-06,0.9999987876671806,0.0,0.0,"['Cough', 'Cough', 'Cough', 'Cough']"
3,Gsjna,1,0.00010094245296661491,0.9998946391856258,0.0,4.4183614077900905e-06,[]
3,Gsjna,2,0.008333414718891236,0.9912958116502123,0.0,0.00037077363089670697,[]
3,Gsjna,3,0.401450891475361,0.575209523519836,0.0,0.0233395850048034,[]
3,Gsjna,4,0.6880530347432847,0.25409192367546535,0.0,0.05785504158124948,['Death']
3,Gsjna,5,0.2662694581453846,0.14761643368650187,0.4377438020228979,0.148370306145215,[]
3,Gsjna,6,0.12212208614775936,0.06866593815228493,0.6226146635635786,0.18659731213637604,[]
3,Gsjna,7,0.047426848390078276,0.04986020490294631,0.7000945841750595,0.202618362531914,[]
3,Gsjna,8,0.017625535229716657,0.04416104033833077,0.7295121845077278,0.20870123992422307,[]
3,Gsjna,9,0.006458726310178856,0.042227410761575886,0.7403679106433647,0.21094595228487875,"['Cough', 'Cough', 'Cough', 'Cough']"
3,Gsjna,10,0.002431168040074858,0.04139584682862237,0.7443891070366209,0.21178387809467977,[]
3,Gsjna,11,0.000912784952246059,0.04108750415994336,0.7459008251446604,0.2120988857431483,[]
3,Gsjna,12,0.00034237911900316385,0.04097238774018837,0.7464681332912879,0.2122170998495189,"['Cough', 'Cough']"
3,Gsjna,13,0.0001282386936403168,0.04092931372525754,0.7466807931340378,0.2122616544470626,[]
3,Gsjna,14,4.802560955832221e-05,0.040913193059873516,0.746760439984306,0.21227834134626009,[]
3,Gsjna,15,1.7984773396060165e-05,0.04090715763478911,0.746790267127895,0.21228459046391795,['Fatigue']
3,Gsjna,16,4.9542652946095146e-06,0.018407336825215666,0.7468031773228025,0.23478453158668525,[]
3,Gsjna,17,1.2254458252899056e-06,0.018407103208837216,0.7468065888028785,0.2347850825424567,[]
3,Gsjna,18,3.031158951034743e-07,0.018407045423912326,0.7468074326379411,0.23478521882224943,"['Cough', 'Cough']"
3,Gsjna,19,7.489647197842675e-08,0.01840703089947613,0.7468076412769978,0.23478525292705277,[]
4,Puy,0,0.0,1.0,0.0,0.0,"['Cough', 'Cough', 'Cough', 'Cough']"
4,Puy,1,0.0,1.0,0.0,0.0,[]
4,Puy,2,0.0,1.0,0.0,0.0,[]
4,Puy,3,0.0,1.0,0.0,0.0,[]
4,Puy,4,0.0,1.0,0.0,0.0,['Death']
4,Puy,5,1.0012816404998398e-05,0.999989987183595,0.0,0.0,[]
4,Puy,6,0.00029066300492968424,0.9996553553467653,3.78628088066437e-05,1.6118839498875266e-05,[]
4,Puy,7,0.008347364871417882,0.9900398800107706,0.0011311888501820252,0.0004815662676299373,[]
4,Puy,8,0.18259011496487662,0.776741115759867,0.028525135556357443,0.012143633718899031,[]
4,Puy,9,0.5288130268874197,0.24663126567621857,0.15750370883421735,0.06705199860214436,"['Cough', 'Cough', 'Cough', 'Cough']"
4,Puy,10,0.35452970292755104,0.12831555841162473,0.36225988865970266,0.15489485000112152,[]
4,Puy,11,0.24951536602544766,0.027546217731565962,0.5062640554398699,0.21667436080311636,[]
4,Puy,12,0.1399776465311021,0.010739900595356604,0.594677616400563,0.25460483647297855,"['Cough', 'Cough']"
4,Puy,13,0.07505836476234863,0.006421817887415467,0.6430498101249206,0.2754700072253151,[]
4,Puy,14,0.039724562070153756,0.004885063810060743,0.6688091631601146,0.28658121095967043,[]
4,Puy,15,0.020917857835701704,0.004228700356772215,0.6824068973860987,0.29244654442142687,['Fatigue']
4,Puy,16,0.009504655265239768,0.0022867216367031167,0.6911868374989405,0.29702178559911635,[]
4,Puy,17,0.004280699242742728,0.002215372218753714,0.6951607971758099,0.29834313136269386,[]
4,Puy,18,0.0019274809608964933,0.0021839757661338234,0.6969503753042506,0.2989381679687194,"['Cough', 'Cough']"
4,Puy,19,0.0008658181923318552,0.002169768270922393,0.6977553409493209,0.29920907258742513,[]
5,Cvddwf,0,0.0,1.0,0.0,0.0,"['Cough', 'Cough', 'Cough', 'Cough']"
5,Cvddwf,1,0.0,1.0,0.0,0.0,[]
5,Cvddwf,2,0.0,1.0,0.0,0.0,[]
5,Cvddwf,3,0.0,1.0,0.0,0.0,[]
5,Cvddwf,4,0.0,1.0,0.0,0.0,['Death']
5,Cvddwf,5,0.0,1.0,0.0,0.0,[]
5,Cvddwf,6,0.0,1.0,0.0,0.0,[]
5,Cvddwf,7,0.0,1.0,0.0,0.0,[]
5,Cvddwf,8,0.0,1.0,0.0,0.0,[]
5,Cvddwf,9,0.0,1.0,0.0,0.0,"['Cough', 'Cough', 'Cough', 'Cough']"
5,Cvddwf,10,0.0,1.0,0.0,0.0,[]
5,Cvddwf,11,0.0,1.0,0.0,0.0,[]
5,Cvddwf,12,1.2999049769461852e-06,0.999998700095023,0.0,0.0,"['Cough', 'Cough']"
5,Cvddwf,13,7.022623324037564e-05,0.999912334507218,1.4869642220283224e-05,2.5696173216022446e-06,[]
5,Cvddwf,14,0.003773099021847858,0.9952698560854467,0.0008160274872393626,0.0001410174054661203,[]
5,Cvddwf,15,0.15584541800492244,0.798918625008969,0.038570588060806384,0.006665368925301889,['Fatigue']
5,Cvddwf,16,0.4047934173260211,0.13954362008528062,0.2824405120710681,0.1732224505176299,[]
5,Cvddwf,17,0.15478869275254173,0.035244063040221575,0.5950961335389903,0.2148711106682465,[]
5,Cvddwf,18,0.04792449345319081,0.02216922131245848,0.7009362753495624,0.2289700098847886,"['Cough', 'Cough']"
5,Cvddwf,19,0.014342184198206747,0.01921307317565923,0.7331336215162572,0.23331112110987773,[]
6,Ssuqrktd,0,0.0,1.0,0.0,0.0,"['Cough', 'Cough', 'Cough', 'Cough']"
6,Ssuqrktd,1,0.0,1.0,0.0,0.0,[]
6,Ssuqrktd,2,0.0,1.0,0.0,0.0,[]
6,Ssuqrktd,3,0.0,1.0,0.0,0.0,[]
6,Ssuqrktd,4,0.0,1.0,0.0,0.0,['Death']
6,Ssuqrktd,5,0.0,1.0,0.0,0.0,[]
6,Ssuqrktd,6,0.0,1.0,0.0,0.0,[]
6,Ssuqrktd,7,0.0,1.0,0.0,0.0,[]
6,Ssuqrktd,8,3.2249637997813474e-06,0.9999967750362002,0.0,0.0,[]
6,Ssuqrktd,9,2.4666154264699753e-05,0.9999602497107103,1.3498266597320017e-05,1.5858684278613212e-06,"['Cough', 'Cough', 'Cough', 'Cough']"
6,Ssuqrktd,10,0.0003723175930412483,0.9994297240864141,0.00017701294245149718,2.094537809355101e-05,[]
6,Ssuqrktd,11,0.005558066595146265,0.9914986161792929,0.0026317414224766218,0.0003115758030840928,[]
6,Ssuqrktd,12,0.07108345202815099,0.8880220098077899,0.036565353060378475,0.004329185103680328,"['Cough', 'Cough']"
6,Ssuqrktd,13,0.2831436467348307,0.414040452188415,0.27062425161983694,0.03219164945691669,[]
6,Ssuqrktd,14,0.2108733861324042,0.15992367809533528,0.5622911435273217,0.06691179224493855,[]
6,Ssuqrktd,15,0.08026069670501149,0.08895647211000457,0.7424275316682144,0.088355299516769,['Fatigue']
6,Ssuqrktd,16,0.017409050910142467,0.032200590309441675,0.8128852400240716,0.1375051187563433,[]
6,Ssuqrktd,17,0.0030793875501177103,0.03110883293812492,0.8270105032486919,0.13880127626306507,[]
6,Ssuqrktd,18,0.0005435106758793784,0.03091984400007208,0.8295063463698225,0.13903029895422564,"['Cough', 'Cough']"
6,Ssuqrktd,19,9.591541245452653e-05,0.03088606024744483,0.829946815975624,0.13907120836447592,[]
7,Wpb,0,0.0,1.0,0.0,0.0,"['Cough', 'Cough', 'Cough', 'Cough']"
7,Wpb,1,0.0,1.0,0.0,0.0,[]
7,Wpb,2,0.0,1.0,0.0,0.0,[]
7,Wpb,3,0.0,1.0,0.0,0.0,[]
7,Wpb,4,0.0,1.0,0.0,0.0,['Death']
7,Wpb,5,0.0,1.0,0.0,0.0,[]
7,Wpb,6,0.0,1.0,0.0,0.0,[]
7,Wpb,7,0.0,1.0,0.0,0.0,[]
7,Wpb,8,4.989820765638099e-06,0.9999950101792343,0.0,0.0,[]
7,Wpb,9,8.158488062542926e-05,0.9999003694420502,1.3740731145968233e-05,4.3049461781901535e-06,"['Cough', 'Cough', 'Cough', 'Cough']"
7,Wpb,10,0.0026120292218467637,0.9968896698994824,0.0003787530989699204,0.00011954777970074555,[]
7,Wpb,11,0.07547631699187066,0.9094098705026471,0.011487102349334123,0.0036267101561480945,[]
7,Wpb,12,0.5244751345032485,0.26629227393262855,0.15902481768199125,0.05020777388213146,"['Cough', 'Cough']"
7,Wpb,13,0.3931020530379389,0.17499791422612393,0.32803992422000666,0.10386010851593011,[]
7,Wpb,14,0.2908709155982939,0.03878303078265025,0.5090317181304114,0.161314335488644,[]
7,Wpb,15,0.1644850947744386,0.015059331550524408,0.6229719349448467,0.19748363873018984,['Fatigue']
7,Wpb,16,0.07522065001862024,0.004868394687298528,0.6992647372993981,0.22064621799468323,[]
7,Wpb,17,0.033365387688658814,0.003930898809846501,0.733644777335869,0.22905893616562617,[]
7,Wpb,18,0.014763043311864338,0.0035757324070086615,0.7488753912737821,0.23278583300734523,"['Cough', 'Cough']"
7,Wpb,19,0.006514274701536284,0.003426840149668556,0.7556060579431015,0.23445282720569416,[]
8,Jyudawpc,0,0.0,1.0,0.0,0.0,"['Cough', 'Cough', 'Cough', 'Cough']"
8,Jyudawpc,1,0.0,1.0,0.0,0.0,[]
8,Jyudawpc,2,0.0,1.0,0.0,0.0,[]
8,Jyudawpc,3,0.0,1.0,0.0,0.0,[]
8,Jyudawpc,4,0.0,1.0,0.0,0.0,['Death']
8,Jyudawpc,5,1.1888881755559835e-06,0.9999988111118244,0.0,0.0,[]
8,Jyudawpc,6,3.800307146160184e-05,0.9999474487432515,1.3029693449476913e-05,1.518491837682204e-06,[]
8,Jyudawpc,7,0.0012121778399770034,0.9983087266081025,0.00042908913045272654,5.000642146778807e-05,[]
8,Jyudawpc,8,0.03617996861760902,0.9490005647635026,0.013272659326060601,0.0015468072928276548,[]
8,Jyudawpc,9,0.3364372599646286,0.41729355992123135,0.22056441127220888,0.025704768841931253,"['Cough', 'Cough', 'Cough', 'Cough']"
8,Jyudawpc,10,0.33422763310697623,0.11323365391310891,0.49464511442241454,0.05789359855749996,[]
8,Jyudawpc,11,0.11587371219920033,0.031532421511932425,0.7631645673149184,0.08942929897394858,[]
8,Jyudawpc,12,0.03306041678762403,0.02124733481938852,0.8464783393068155,0.09921390908617221,"['Cough', 'Cough']"
8,Jyudawpc,13,0.009137877054322946,0.0190216179789928,0.8698650479465903,0.10197545702009447,[]
8,Jyudawpc,14,0.0025074135445986735,0.018450950820814705,0.8763056587893262,0.10273597684526144,[]
8,Jyudawpc,15,0.0006867177924666877,0.01829754023972275,0.8780712774457331,0.10294446452207807,['Fatigue']
8,Jyudawpc,16,0.00012691141576902734,0.0089484127706437,0.878616893651287,0.11230778216230095,[]
8,Jyudawpc,17,2.219743755755696e-05,0.008945266943035074,0.8787157548324603,0.11231678078694769,[]
8,Jyudawpc,18,3.882407753998036e-06,0.008944716839188736,0.8787330460688153,0.1123183546842428,"['Cough', 'Cough']"
8,Jyudawpc,19,6.783936176859501e-07,0.008944619064679495,0.878736069327631,0.11231863321407207,[]
9,Ooxl,0,0.0,1.0,0.0,0.0,"['Cough', 'Cough', 'Cough', 'Cough']"
9,Ooxl,1,0.0,1.0,0.0,0.0,[]
9,Ooxl,2,0.0,1.0,0.0,0.0,[]
9,Ooxl,3,0.0,1.0,0.0,0.0,[]
9,Ooxl,4,0.0,1.0,0.0,0.0,['Death']
9,Ooxl,5,0.0,1.0,0.0,0.0,[]
9,Ooxl,6,0.0,1.0,0.0,0.0,[]
9,Ooxl,7,0.0,1.0,0.0,0.0,[]
9,Ooxl,8,4.54822482784969e-06,0.9999954517751721,0.0,0.0,[]
9,Ooxl,9,6.595313442260264e-05,0.9999029051613554,2.7222343099560483e-05,3.919361122323076e-06,"['Cough', 'Cough', 'Cough', 'Cough']"
9,Ooxl,10,0.002096381669794131,0.9970780109051249,0.0007210241793237008,0.00010458324575663343,[]
9,Ooxl,11,0.059597712013405336,0.91567942212353,0.021590347234672895,0.0031325186283910813,[]
9,Ooxl,12,0.36226537671949927,0.31731742661310774,0.27981831640549515,0.04059888026189671,"['Cough', 'Cough']"
9,Ooxl,13,0.2582501889320495,0.10069995432685554,0.5596318497118102,0.08141800702928377,[]
9,Ooxl,14,0.08904446039184898,0.04508208211391788,0.7558335906165682,0.11003986687766384,[]
9,Ooxl,15,0.0269887526564418,0.03484166434074412,0.8189258355496418,0.11924374745317146,['Fatigue']
9,Ooxl,16,0.005451496005319364,0.010442424260348363,0.8402718123927418,0.14383426734158988,[]
9,Ooxl,17,0.0009833225461784527,0.01031080657829498,0.8444066396449307,0.14429923123059527,[]
9,Ooxl,18,0.00017731338634479872,0.010287248157207177,0.8451523514687582,0.1443830869876891,"['Cough', 'Cough']"
9,Ooxl,19,3.1928422950980415e-05,0.010282937688333701,0.8452867500327514,0.144398383855963,[]
10,Tmoub,0,0.0,1.0,0.0,0.0,"['Cough', 'Cough', 'Cough', 'Cough']"
10,Tmoub,1,0.0,1.0,0.0,0.0,[]
10,Tmoub,2,0.0,1.0,0.0,0.0,[]
10,Tmoub,3,0.0,1.0,0.0,0.0,[]
10,Tmoub,4,0.0,1.0,0.0,0.0,['Death']
10,Tmoub,5,0.0,1.0,0.0,0.0,[]
10,Tmoub,6,1.4752569897676175e-06,0.9999985247430102,0.0,0.0,[]
10,Tmoub,7,2.2820323273889867e-05,0.9999722499161523,3.5524518649057837e-06,1.3773087088130245e-06,[]
10,Tmoub,8,0.0003528403135946699,0.9995659899721734,5.849198929369167e-05,2.2677724938614004e-05,[]
10,Tmoub,9,0.005417359980630288,0.9933267391149586,0.000905019106566324,0.00035088179784500446,"['Cough', 'Cough', 'Cough', 'Cough']"
10,Tmoub,10,0.13321227180409342,0.8391224624402366,0.019894898818988895,0.007770366936681088,[]
10,Tmoub,11,0.5516130143014625,0.18903857141120348,0.1864886486797297,0.07285976560760399,[]
10,Tmoub,12,0.34540331915550915,0.10917895268963192,0.39218923596593397,0.15322849218892412,"['Cough', 'Cough']"
10,Tmoub,13,0.2331095770039065,0.032525743163250576,0.527845778659202,0.2065189011736402,[]
10,Tmoub,14,0.1339727481717209,0.015473094975590197,0.6112652919663742,0.23928886488631396,[]
10,Tmoub,15,0.07393221954506127,0.010197659528626765,0.6581596069591145,0.25771051396719713,['Fatigue']
10,Tmoub,16,0.03479868091963232,0.004874056549395187,0.6896837558488024,0.2706435066821703,[]
10,Tmoub,17,0.01608433417175447,0.004417978514132503,0.7043983910843394,0.27509929622977364,[]
10,Tmoub,18,0.007425061026928149,0.0042220198920143006,0.7111953977678492,0.27715752131320825,"['Cough', 'Cough']"
10,Tmoub,19,0.003419058326010336,0.0041331877413654464,0.7143296154081719,0.2781181385244518,[]
11,Axlqasr,0,0.0,1.0,0.0,0.0,"['Cough', 'Cough', 'Cough', 'Cough']"
11,Axlqasr,1,0.0,1.0,0.0,0.0,[]
11,Axlqasr,2,0.0,1.0,0.0,0.0,[]
11,Axlqasr,3,0.0,1.0,0.0,0.0,[]
11,Axlqasr,4,0.0,1.0,0.0,0.0,['Death']
11,Axlqasr,5,0.0,1.0,0.0,0.0,[]
11,Axlqasr,6,0.0,1.0,0.0,0.0,[]
11,Axlqasr,7,0.0,1.0,0.0,0.0,[]
11,Axlqasr,8,1.0052029303675826e-06,0.9999989947970697,0.0,0.0,[]
11,Axlqasr,9,3.723100091902183e-05,0.9999554769903427,5.461953775941862e-06,1.8300549620629997e-06,"['Cough', 'Cough', 'Cough', 'Cough']"
11,Axlqasr,10,0.003196271262754668,0.9962811674621173,0.00039066729037174047,0.00013189398475628786,[]
11,Axlqasr,11,0.20277707713937448,0.7586692191804708,0.028822013708308464,0.009731689971845788,[]
11,Axlqasr,12,0.5490425847700272,0.2670833523022584,0.13746070332075455,0.046413359606959276,"['Cough', 'Cough']"
11,Axlqasr,13,0.3507719653572771,0.12992062213832503,0.3878802337580589,0.13142717874633858,[]
11,Axlqasr,14,0.23139891450328723,0.026082909826204162,0.5545194023772522,0.18799877329325607,[]
11,Axlqasr,15,0.11981155800966212,0.01048006031477578,0.6494739192856198,0.2202344623899422,['Fatigue']
11,Axlqasr,16,0.04992163114802751,0.0037198610727360816,0.7077143097422184,0.23864419803701795,[]
11,Axlqasr,17,0.02026661344775239,0.003130546521954592,0.7316855838970178,0.2449172561332752,[]
11,Axlqasr,18,0.008211729339786518,0.002919152004618565,0.7414076807628198,0.2474614378927751,"['Cough', 'Cough']"
11,Axlqasr,19,0.003317972377196171,0.002836402629958566,0.7453420794186756,0.24850354557416976,[]
12,Rpfe,0,0.0,1.0,0.0,0.0,"['Cough', 'Cough', 'Cough', 'Cough']"
12,Rpfe,1,0.0,1.0,0.0,0.0,[]
12,Rpfe,2,0.0,1.0,0.0,0.0,[]
12,Rpfe,3,0.0,1.0,0.0,0.0,[]
12,Rpfe,4,0.0,1.0,0.0,0.0,['Death']
12,Rpfe,5,0.0,1.0,0.0,0.0,[]
12,Rpfe,6,0.0,1.0,0.0,0.0,[]
12,Rpfe,7,1.0148400053989489e-06,0.9999989851599946,0.0,0.0,[]
12,Rpfe,8,1.3562890432891876e-05,0.9999806645644695,5.077850245544578e-06,6.946948517837735e-07,[]
12,Rpfe,9,0.00018120366820043976,0.9997358885014768,7.293031747022466e-05,9.977512852013565e-06,"['Cough', 'Cough', 'Cough', 'Cough']"
12,Rpfe,10,0.005037302444986735,0.9931390467633833,0.0016027592250567717,0.00022089156657307486,[]
12,Rpfe,11,0.11322755676681003,0.8414164861040969,0.03986055036898235,0.005495406760111196,[]
12,Rpfe,12,0.38542888020106375,0.2256562249546567,0.3417927747461001,0.04712212009817922,"['Cough', 'Cough']"
12,Rpfe,13,0.2113938099055077,0.061980368367613996,0.638390007234397,0.08823581449248115,[]
12,Rpfe,14,0.07674985935342353,0.033237912824431136,0.7818853815813207,0.1081268462408242,[]
12,Rpfe,15,0.026035077429884625,0.026734265533791657,0.8321379094130676,0.11509274762325569,['Fatigue']
12,Rpfe,16,0.006215679466618265,0.014306389736918211,0.8515214556293782,0.12795647516708486,[]
12,Rpfe,17,0.0014072989940761638,0.014096792303541167,0.8560550101374002,0.12844089856498175,[]
12,Rpfe,18,0.0003184679993926057,0.014049779897748048,0.8570812019750652,0.12855055012779357,"['Cough', 'Cough']"
12,Rpfe,19,7.200539017889077e-05,0.014038990631147398,0.8573133470286466,0.1285756569500259,[]
13,Pajwdvp,0,0.0,1.0,0.0,0.0,"['Cough', 'Cough', 'Cough', 'Cough']"
13,Pajwdvp,1,0.0,1.0,0.0,0.0,[]
13,Pajwdvp,2,0.0,1.0,0.0,0.0,[]
13,Pajwdvp,3,0.0,1.0,0.0,0.0,[]
13,Pajwdvp,4,0.0,1.0,0.0,0.0,['Death']
13,Pajwdvp,5,0.0,1.0,0.0,0.0,[]
13,Pajwdvp,6,0.0,1.0,0.0,0.0,[]
13,Pajwdvp,7,0.0,1.0,0.0,0.0,[]
13,Pajwdvp,8,0.0,1.0,0.0,0.0,[]
13,Pajwdvp,9,5.182501800919376e-06,0.9999948174981991,0.0,0.0,"['Cough', 'Cough', 'Cough', 'Cough']"
13,Pajwdvp,10,0.00029053855496332547,0.9996476205544099,5.135856437541943e-05,1.0482326251531901e-05,[]
13,Pajwdvp,11,0.015931543977855858,0.9805771397338531,0.0028995215063901403,0.0005917947819012898,[]
13,Pajwdvp,12,0.38337455748090815,0.4904502312485654,0.1047879104735166,0.021387300797010393,"['Cough', 'Cough']"
13,Pajwdvp,13,0.5159608371540008,0.18383732191819196,0.2491830141665189,0.051018826761289146,[]
13,Pajwdvp,14,0.25898969510047853,0.10413242234547301,0.5285332034870229,0.10834467906702659,[]
13,Pajwdvp,15,0.1450286082374467,0.037629996168847345,0.6782691819949227,0.13907221359878455,['Fatigue']
13,Pajwdvp,16,0.05434997717982278,0.008549035279759825,0.7685494089511686,0.16855157858925027,[]
13,Pajwdvp,17,0.018317323053530784,0.007255423128400396,0.8007776192471359,0.17364963457093435,[]
13,Pajwdvp,18,0.006150410961937449,0.006866060371352951,0.8116189464601461,0.17536458220656517,"['Cough', 'Cough']"
13,Pajwdvp,19,0.0020599928452864993,0.00673816226484688,0.8152550857824156,0.1759467591074525,[]
14,Wyy,0,0.0,1.0,0.0,0.0,"['Cough', 'Cough', 'Cough', 'Cough']"
14,Wyy,1,0.0,1.0,0.0,0.0,[]
14,Wyy,2,0.0,1.0,0.0,0.0,[]
14,Wyy,3,0.0,1.0,0.0,0.0,[]
14,Wyy,4,0.0,1.0,0.0,0.0,['Death']
14,Wyy,5,0.0,1.0,0.0,0.0,[]
14,Wyy,6,0.0,1.0,0.0,0.0,[]
14,Wyy,7,0.0,1.0,0.0,0.0,[]
14,Wyy,8,7.921670521879654e-06,0.9999920783294781,0.0,0.0,[]
14,Wyy,9,0.0004454299494019874,0.9994687696221184,6.885169752931656e-05,1.694873095030089e-05,"['Cough', 'Cough', 'Cough', 'Cough']"
14,Wyy,10,0.059101051056281835,0.9311269280941652,0.007829822496762295,0.0019421983527910473,[]
14,Wyy,11,0.591856055392285,0.11002450320241382,0.23886482001742032,0.059254621387881505,[]
14,Wyy,12,0.31696044004360857,0.053010287085949376,0.5048036896692999,0.12522558320114302,"['Cough', 'Cough']"
14,Wyy,13,0.16482148714159847,0.012896432481447995,0.658677582315078,0.16360449806187546,[]
14,Wyy,14,0.07720997779836866,0.006476248225480437,0.7339379798814105,0.1823757940947402,[]
14,Wyy,15,0.03542022505759636,0.004710047198142397,0.7687989748448876,0.1910707528993738,['Fatigue']
14,Wyy,16,0.013183761356555777,0.0017760120209710899,0.7879359100097864,0.19710431661268663,[]
14,Wyy,17,0.0048316942949357036,0.0016918509138499477,0.7950117243427813,0.19846473044843232,[]
14,Wyy,18,0.0017702144497767198,0.0016620251429072094,0.7976045305292159,0.19896322987809986,"['Cough', 'Cough']"
14,Wyy,19,0.0006473019064941075,0.0016510608097627566,0.7985536999617183,0.19914793732202424,[]
15,Bob,0,0.0,1.0,0.0,0.0,"['Cough', 'Cough', 'Cough', 'Cough']"
15,Bob,1,0.0,1.0,0.0,0.0,[]
15,Bob,2,1.9084370091738566e-06,0.9999980915629908,0.0,0.0,[]
15,Bob,3,0.0004626525763683797,0.9995243687745303,0.0,1.2978649101389016e-05,[]
15,Bob,4,0.10088781111081492,0.8961121229233754,0.0,0.003000065965809779,['Death']
15,Bob,5,0.5623081762971878,0.21833432696418167,0.17102022994089297,0.048337266797737616,[]
15,Bob,6,0.362632691846996,0.12290382953443794,0.40428743364989367,0.1101760449686726,[]
15,Bob,7,0.22838718808907532,0.02748767377694372,0.585824021871699,0.15830111626228194,[]
15,Bob,8,0.11638816161345432,0.01200290627021076,0.6865938807238894,0.185015051392446,[]
15,Bob,9,0.056922490157414775,0.007950171780017471,0.736802151138276,0.19832518692429216,"['Cough', 'Cough', 'Cough', 'Cough']"
15,Bob,10,0.02763226286327181,0.006251004436602639,0.7612581248449551,0.2048586078551711,[]
15,Bob,11,0.013325476662754401,0.005564936703763836,0.7730900707693797,0.2080195158641028,[]
15,Bob,12,0.006408267489309371,0.005262033356750563,0.7787879840079165,0.209541715146024,"['Cough', 'Cough']"
15,Bob,13,0.0030751988084804635,0.005122435960134673,0.7815253757773252,0.21027698945406073,[]
15,Bob,14,0.0014748644458977965,0.005056790778437795,0.7828386142490954,0.2106297305265695,[]
15,Bob,15,0.0007071493460632377,0.00502561186211218,0.7834683568893887,0.21079888190243654,['Fatigue']
15,Bob,16,0.0002808326292993698,0.0030072616935169125,0.7838327370319172,0.21287916864526724,[]
15,Bob,17,0.00011022096216622306,0.0030040646596888694,0.7839767314167728,0.2129089829613729,[]
15,Bob,18,4.325890512830988e-05,0.003002810831317551,0.7840332458743492,0.21292068438920564,"['Cough', 'Cough']"
15,Bob,19,1.6949030525908888e-05,0.003002311073962757,0.7840554105050324,0.21292532939048,[]
16,Dtf,0,0.0,1.0,0.0,0.0,"['Cough', 'Cough', 'Cough', 'Cough']"
16,Dtf,1,0.0,1.0,0.0,0.0,[]
16,Dtf,2,0.0,1.0,0.0,0.0,[]
16,Dtf,3,0.0,1.0,0.0,0.0,[]
16,Dtf,4,0.0,1.0,0.0,0.0,['Death']
16,Dtf,5,1.191369717764514e-05,0.9999880863028223,0.0,0.0,[]
16,Dtf,6,8.376841090174706e-05,0.9998633912630528,4.720860774518957e-05,5.6317183001425435e-06,[]
16,Dtf,7,0.0005882452102639664,0.9989876144246115,0.00037893551430569065,4.5204850818900525e-05,[]
16,Dtf,8,0.004094016318433131,0.9928859683215491,0.0026981423315443204,0.0003218730284731976,[]
16,Dtf,9,0.02681458863738294,0.9526342453374546,0.018360824169703156,0.0021903418554586225,"['Cough', 'Cough', 'Cough', 'Cough']"
16,Dtf,10,0.19387011707645108,0.6516357373753437,0.13792953551448853,0.016564610033715697,[]
16,Dtf,11,0.2619539789785214,0.259476425371578,0.42722639963624653,0.05134319601365318,[]
16,Dtf,12,0.12352870984144061,0.11677583358968696,0.6781828666005506,0.08151258996832124,"['Cough', 'Cough']"
16,Dtf,13,0.04295527513670454,0.08493863590788266,0.7784714397930199,0.09363464916239263,[]
16,Dtf,14,0.013884404893347775,0.07635762434387532,0.8120630442907825,0.09769492647199432,[]
16,Dtf,15,0.004396079545489196,0.07380092128099801,0.8228091693479005,0.09899382982561239,['Fatigue']
16,Dtf,16,0.0009181403467822664,0.022672643749392894,0.826597497995038,0.1498117179087867,[]
16,Dtf,17,0.0001557328531688116,0.022633034389971145,0.827331157334246,0.1498800754226143,[]
16,Dtf,18,2.641302116897336e-05,0.022626323124085735,0.827455594227322,0.1498916696274236,"['Cough', 'Cough']"
16,Dtf,19,4.477881259994358e-06,0.022625166351708487,0.827476696112018,0.14989365965501386,[]
17,Rpvj,0,0.0,1.0,0.0,0.0,"['Cough', 'Cough', 'Cough', 'Cough']"
17,Rpvj,1,0.0,1.0,0.0,0.0,[]
17,Rpvj,2,0.0,1.0,0.0,0.0,[]
17,Rpvj,3,0.0,1.0,0.0,0.0,[]
17,Rpvj,4,0.0,1.0,0.0,0.0,['Death']
17,Rpvj,5,0.0,1.0,0.0,0.0,[]
17,Rpvj,6,0.0,1.0,0.0,0.0,[]
17,Rpvj,7,0.0,1.0,0.0,0.0,[]
17,Rpvj,8,1.2384038955232937e-06,0.9999987615961045,0.0,0.0,[]
17,Rpvj,9,4.0249844273807075e-05,0.9999519425111273,5.597858105577323e-06,2.209786493752608e-06,"['Cough', 'Cough', 'Cough', 'Cough']"
17,Rpvj,10,0.0029410553514162196,0.9965805636479191,0.00034224803729109666,0.00013613296337401692,[]
17,Rpvj,11,0.1686261409028794,0.8004212351520068,0.022143650975959796,0.008808972969154208,[]
17,Rpvj,12,0.5627138714010732,0.2390805927269129,0.14179709510682492,0.056408440765189624,"['Cough', 'Cough']"
17,Rpvj,13,0.3565518253062335,0.11800685502338919,0.37554099178688094,0.14990032788349725,[]
17,Rpvj,14,0.23409396585429273,0.02486394267738638,0.5295442121630841,0.21149787930523814,[]
17,Rpvj,15,0.1242566570238709,0.01014148362721798,0.618517016958518,0.2470848423903952,['Fatigue']
17,Rpvj,16,0.05402393155412639,0.0035092425437017473,0.6748893451205205,0.2675774807816536,[]
17,Rpvj,17,0.022917028451901283,0.0029224379333820413,0.6991140976128121,0.27504643600190676,[]
17,Rpvj,18,0.009703210841738308,0.002704491488430064,0.7093805253441827,0.2782117723256512,"['Cough', 'Cough']"
17,Rpvj,19,0.004096024674944437,0.0026158937172956185,0.7137216054712167,0.2795664761365448,[]
18,Bvkg,0,0.0,1.0,0.0,0.0,"['Cough', 'Cough', 'Cough', 'Cough']"
18,Bvkg,1,0.0,1.0,0.0,0.0,[]
18,Bvkg,2,0.0,1.0,0.0,0.0,[]
18,Bvkg,3,3.6666568889149627e-06,0.9999963333431111,0.0,0.0,[]
18,Bvkg,4,0.0002875864677136579,0.9997019582848433,0.0,1.0455247443479119e-05,['Death']
18,Bvkg,5,0.007263622320257485,0.9913909674678251,0.00098453285648959,0.0003608773554283433,[]
18,Bvkg,6,0.14847694558926186,0.819840111931269,0.023358544038189575,0.008324398441279612,[]
18,Bvkg,7,0.5414797568750133,0.212646883311146,0.18132454965091388,0.06454881016292643,[]
18,Bvkg,8,0.3501236848735584,0.12607449378821378,0.38629753331413774,0.13750428802408957,[]
18,Bvkg,9,0.247328021314745,0.03792512257990342,0.5271200071163078,0.1876268489890434,"['Cough', 'Cough', 'Cough', 'Cough']"
18,Bvkg,10,0.1475214505965882,0.015078469282267032,0.6173936780200595,0.22000640210108488,[]
18,Bvkg,11,0.08294592686705514,0.0088638749547063,0.6694957232129438,0.2386944749652946,[]
18,Bvkg,12,0.04579404065597731,0.006596209960742113,0.6985088015173455,0.24910094786593479,"['Cough', 'Cough']"
18,Bvkg,13,0.025077729196120727,0.005607581919777327,0.7144608810099773,0.2548538078741238,[]
18,Bvkg,14,0.013687698217466862,0.005131416181459477,0.7231819609879784,0.25799892461309426,[]
18,Bvkg,15,0.007458674072778078,0.004889046485265074,0.7279381220901087,0.2597141573518471,['Fatigue']
18,Bvkg,16,0.0035130075042990264,0.002433495136160509,0.7311174469988247,0.26293605036071427,[]
18,Bvkg,17,0.0016361770195161985,0.0024059106668091663,0.7326076080793548,0.2633503042343187,[]
18,Bvkg,18,0.0007619781031423466,0.00239317116478035,0.7333016170762183,0.26354323365585797,"['Cough', 'Cough']"
18,Bvkg,19,0.00035417934137739205,0.00238716845922554,0.7336245535657232,0.2636340986336723,[]
19,Ryex,0,0.0,1.0,0.0,0.0,"['Cough', 'Cough', 'Cough', 'Cough']"
19,Ryex,1,0.0,1.0,0.0,0.0,[]
19,Ryex,2,0.0,1.0,0.0,0.0,[]
19,Ryex,3,0.0,1.0,0.0,0.0,[]
19,Ryex,4,0.0,1.0,0.0,0.0,['Death']
19,Ryex,5,0.0,1.0,0.0,0.0,[]
19,Ryex,6,0.0,1.0,0.0,0.0,[]
19,Ryex,7,2.8307201068879914e-06,0.9999971692798931,0.0,0.0,[]
19,Ryex,8,5.7365334490080847e-05,0.9999227540867351,1.6500787214248494e-05,3.3797915605420428e-06,[]
19,Ryex,9,0.0011603215777318712,0.9984172879771229,0.00035058208996974135,7.180835517554955e-05,"['Cough', 'Cough', 'Cough', 'Cough']"
19,Ryex,10,0.04842466504057168,0.9370024150024753,0.01208002140182305,0.002492898555129727,[]
19,Ryex,11,0.4350575483830915,0.29318592434922813,0.2252607021274139,0.046495825140265644,[]
19,Ryex,12,0.3537048369485025,0.07628462168285485,0.47248483285657017,0.09752570851207154,"['Cough', 'Cough']"
19,Ryex,13,0.14161616949606992,0.023063586960234854,0.6921967206693863,0.14312352287430816,[]
19,Ryex,14,0.050478001038964486,0.014756011065306883,0.7745510863311427,0.1602149015645851,[]
19,Ryex,15,0.01759061515910711,0.01261099495195774,0.8035625967035237,0.16623579318541049,['Fatigue']
19,Ryex,16,0.004555983050702195,0.004688717080372871,0.8153070334559666,0.17544826641295697,[]
19,Ryex,17,0.00113612949963986,0.0046318781247224146,0.8183042418025421,0.1759277505730939,[]
19,Ryex,18,0.0002832740732433301,0.004617813618787561,0.8190516014416185,0.17604731086634884,"['Cough', 'Cough']"
19,Ryex,19,7.048556929393033e-05,0.004614258314609444,0.8192377963674575,0.17607745974863762,[]
