City id,City Name,turn,Infected,Healthy,Dead,Recovered,Actions
0,Hkblkg,0,0.0,1.0,0.0,0.0,"['Cough', 'Cough', 'Cough']"
0,Hkblkg,1,0.0,1.0,0.0,0.0,[]
0,Hkblkg,2,0.0,1.0,0.0,0.0,[]
0,Hkblkg,3,0.0,1.0,0.0,0.0,['Fatigue']
0,Hkblkg,4,0.0,1.0,0.0,0.0,"['Cough', 'Cough']"
0,Hkblkg,5,0.0,1.0,0.0,0.0,[]
0,Hkblkg,6,0.0,1.0,0.0,0.0,[]
0,Hkblkg,7,0.0,1.0,0.0,0.0,['Death']
0,Hkblkg,8,1.0110497628582782e-06,0.9999989889502371,0.0,0.0,[]
0,Hkblkg,9,2.8096704880378333e-05,0.9999649241980927,5.810843165918408e-06,1.1682538603640143e-06,[]
0,Hkblkg,10,0.0007799312577530066,0.9990192487447124,0.00016720408182513034,3.3615915708500464e-05,"['Cough', 'Cough']"
0,Hkblkg,11,0.0457395810459513,0.9444520662847706,0.008156539029258373,0.0016518136400188663,[]
0,Hkblkg,12,0.5162307387729536,0.2453803354098673,0.19823726253549656,0.040151663281681765,[]
0,Hkblkg,13,0.36064874174187456,0.16097386339144784,0.39780444885349964,0.08057294601317709,"['Cough', 'Cough']"
0,Hkblkg,14,0.22344729422291287,0.03398429226707078,0.6172519425884975,0.12531647092151826,[]
0,Hkblkg,15,0.10422367860380874,0.015118609421111871,0.731954367430169,0.14870334454491,['Cough']
0,Hkblkg,16,0.04618072384201706,0.010478891842204964,0.7839817587023797,0.1593586256133981,[]
0,Hkblkg,17,0.02017065710161199,0.00535211367413476,0.8068641771544991,0.16761305206975305,[]
0,Hkblkg,18,0.008611453584134829,0.0049923115342585846,0.8167570988783897,0.16963913600321584,['Fatigue']
0,Hkblkg,19,0.0031996840655700476,0.004861603105483636,0.8214791615806173,0.1704595512483278,[]
1,Mabmp,0,0.0,1.0,0.0,0.0,"['Cough', 'Cough', 'Cough']"
1,Mabmp,1,0.0,1.0,0.0,0.0,[]
1,Mabmp,2,0.0,1.0,0.0,0.0,[]
1,Mabmp,3,0.0,1.0,0.0,0.0,['Fatigue']
1,Mabmp,4,0.0,1.0,0.0,0.0,"['Cough', 'Cough']"
1,Mabmp,5,7.863242486671804e-06,0.9999921367575133,0.0,0.0,[]
1,Mabmp,6,0.00028020738114579573,0.9996657289890012,3.9898857965046925e-05,1.4164771887936755e-05,[]
1,Mabmp,7,0.009856254535459645,0.9881753774976445,0.0014526518871872587,0.0005157160797087032,['Death']
1,Mabmp,8,0.05223532288982167,0.8986765530814872,0.04366220413784227,0.00542591989084918,[]
1,Mabmp,9,0.14584708222269124,0.6253011935859759,0.20469319640104236,0.024158527790290426,[]
1,Mabmp,10,0.1360877686361118,0.355730103842246,0.4549154437128628,0.053266683808779566,"['Cough', 'Cough']"
1,Mabmp,11,0.07427988926043494,0.22142010749365235,0.6304602265510331,0.07383977669487991,[]
1,Mabmp,12,0.028296082947043,0.17875977566236076,0.7098054464756206,0.08313869491497555,[]
1,Mabmp,13,0.009636000789710676,0.16551703157926362,0.7383616129322359,0.08648535469878975,"['Cough', 'Cough']"
1,Mabmp,14,0.0031656630723717076,0.16130785098813397,0.7479141678322828,0.08761231810721212,[]
1,Mabmp,15,0.0010283641031818011,0.15995618432109748,0.7510349580048123,0.08798049357090809,['Cough']
1,Mabmp,16,0.0003325797434114587,0.15952045540451198,0.7520465912971906,0.08810037355488566,[]
1,Mabmp,17,0.00010743298323924683,0.09084652849959016,0.7523735713051847,0.15667246721198597,[]
1,Mabmp,18,2.556183881123596e-05,0.09082357432754701,0.7524672907358285,0.15668357309781308,['Fatigue']
1,Mabmp,19,4.3733591554396724e-06,0.0908189934843129,0.7524907061258576,0.1566859270306732,[]
2,Avyqull,0,0.0,1.0,0.0,0.0,"['Cough', 'Cough', 'Cough']"
2,Avyqull,1,0.0,1.0,0.0,0.0,[]
2,Avyqull,2,0.0,1.0,0.0,0.0,[]
2,Avyqull,3,0.0,1.0,0.0,0.0,['Fatigue']
2,Avyqull,4,0.0,1.0,0.0,0.0,"['Cough', 'Cough']"
2,Avyqull,5,0.0,1.0,0.0,0.0,[]
2,Avyqull,6,0.0,1.0,0.0,0.0,[]
2,Avyqull,7,0.0,1.0,0.0,0.0,['Death']
2,Avyqull,8,0.0,1.0,0.0,0.0,[]
2,Avyqull,9,1.4597005862157554e-06,0.9999985402994138,0.0,0.0,[]
2,Avyqull,10,1.8442996586687852e-05,0.9999693300755083,1.1187655301078474e-05,1.0392726042457877e-06,"['Cough', 'Cough']"
2,Avyqull,11,0.0005448523659543497,0.9991599605341105,0.00026993277277198146,2.5254327163169334e-05,[]
2,Avyqull,12,0.015560071743200676,0.9759235568157106,0.007787567826646648,0.0007288036144424642,[]
2,Avyqull,13,0.21721561635883035,0.611424355051373,0.15669545438918575,0.014664574200611576,"['Cough', 'Cough']"
2,Avyqull,14,0.2695097223271816,0.25524010456655133,0.43442134971675517,0.04082882338951213,[]
2,Avyqull,15,0.09435097365084287,0.09812601221153198,0.7380862560443369,0.06943675809328867,['Cough']
2,Avyqull,16,0.022795655718234803,0.07475586347384196,0.8248055453160895,0.07764293549183428,[]
2,Avyqull,17,0.005177663599721554,0.028760866153068804,0.845109591160799,0.12095187908641167,[]
2,Avyqull,18,0.0009310102479471643,0.02838277683710756,0.8493345311192592,0.12135168179568753,['Fatigue']
2,Avyqull,19,0.00012043336156562053,0.02832580389145091,0.8501376115898592,0.12141615115712609,[]
3,Gsjna,0,0.0,1.0,0.0,0.0,"['Cough', 'Cough', 'Cough']"
3,Gsjna,1,0.0,1.0,0.0,0.0,[]
3,Gsjna,2,0.0,1.0,0.0,0.0,[]
3,Gsjna,3,0.0,1.0,0.0,0.0,['Fatigue']
3,Gsjna,4,0.0,1.0,0.0,0.0,"['Cough', 'Cough']"
3,Gsjna,5,0.0,1.0,0.0,0.0,[]
3,Gsjna,6,0.0,1.0,0.0,0.0,[]
3,Gsjna,7,0.0,1.0,0.0,0.0,['Death']
3,Gsjna,8,0.0,1.0,0.0,0.0,[]
3,Gsjna,9,0.0,1.0,0.0,0.0,[]
3,Gsjna,10,1.212332819304218e-06,0.9999987876671806,0.0,0.0,"['Cough', 'Cough']"
3,Gsjna,11,3.190023026585375e-05,0.99995451129241,1.1717022832043195e-05,1.8714544923426236e-06,[]
3,Gsjna,12,0.0008380820183622838,0.9987910491941747,0.000319791389915527,5.107739754788408e-05,[]
3,Gsjna,13,0.021146204823133084,0.9692813701516912,0.008254075854160232,0.001318349171016449,"['Cough', 'Cough']"
3,Gsjna,14,0.25528769625692854,0.5759579218244434,0.14538731483192321,0.023367067086705922,[]
3,Gsjna,15,0.32043869339752995,0.2289559670143296,0.3881983437230652,0.062406995865076316,['Cough']
3,Gsjna,16,0.13579495652735163,0.07570647018514413,0.679109308331809,0.10938926495569595,[]
3,Gsjna,17,0.041289748788250855,0.02311698226646938,0.7814257560804883,0.15416751286479258,[]
3,Gsjna,18,0.010391045474416327,0.020741960274594372,0.8100729456641151,0.1587940485868755,['Fatigue']
3,Gsjna,19,0.0020346006625965975,0.020260457401766144,0.8178459383226584,0.15985900361297972,[]
4,Puy,0,0.0,1.0,0.0,0.0,"['Cough', 'Cough', 'Cough']"
4,Puy,1,0.0,1.0,0.0,0.0,[]
4,Puy,2,0.0,1.0,0.0,0.0,[]
4,Puy,3,0.0,1.0,0.0,0.0,['Fatigue']
4,Puy,4,0.0,1.0,0.0,0.0,"['Cough', 'Cough']"
4,Puy,5,1.0012816404998398e-05,0.999989987183595,0.0,0.0,[]
4,Puy,6,0.0007870231543199091,0.9991443355673472,3.438707728516919e-05,3.425420104719297e-05,[]
4,Puy,7,0.05789173429934636,0.9368173083592629,0.002650599805702674,0.0026403575356882306,['Death']
4,Puy,8,0.44605596846246515,0.36454705783049074,0.14145124314960822,0.04794573055743603,[]
4,Puy,9,0.46147379385574594,0.10339457122750309,0.326714765445706,0.108416869471045,[]
4,Puy,10,0.254310667934204,0.023705969328786627,0.5429771405257556,0.17900622221125342,"['Cough', 'Cough']"
4,Puy,11,0.12221534119002715,0.009687147631700994,0.6529335247818555,0.2151639863964157,[]
4,Puy,12,0.05668505177137697,0.006360453762683429,0.7047509907416167,0.23220350372432183,[]
4,Puy,13,0.026033101382288364,0.005239385917731003,0.7286613802500136,0.24006613244996608,"['Cough', 'Cough']"
4,Puy,14,0.011897362476975724,0.004793933528554773,0.7396162459942616,0.24369245800020736,[]
4,Puy,15,0.005429146533278057,0.004603353336828426,0.7446190071684776,0.24534849296141537,['Cough']
4,Puy,16,0.0024736717888632544,0.004518985953396573,0.7469003127845503,0.24610702947318946,[]
4,Puy,17,0.0011267501571732691,0.0025990192402196924,0.7479395914627653,0.2483346391398414,[]
4,Puy,18,0.0005084271213345353,0.0025891033716295515,0.7484110649408714,0.24849140456616436,['Fatigue']
4,Puy,19,0.00020455650725235245,0.002585079278330314,0.7486512186695413,0.24855914554487554,[]
5,Cvddwf,0,0.0,1.0,0.0,0.0,"['Cough', 'Cough', 'Cough']"
5,Cvddwf,1,0.0,1.0,0.0,0.0,[]
5,Cvddwf,2,0.0,1.0,0.0,0.0,[]
5,Cvddwf,3,0.0,1.0,0.0,0.0,['Fatigue']
5,Cvddwf,4,0.0,1.0,0.0,0.0,"['Cough', 'Cough']"
5,Cvddwf,5,0.0,1.0,0.0,0.0,[]
5,Cvddwf,6,0.0,1.0,0.0,0.0,[]
5,Cvddwf,7,0.0,1.0,0.0,0.0,['Death']
5,Cvddwf,8,0.0,1.0,0.0,0.0,[]
5,Cvddwf,9,0.0,1.0,0.0,0.0,[]
5,Cvddwf,10,0.0,1.0,0.0,0.0,"['Cough', 'Cough']"
5,Cvddwf,11,0.0,1.0,0.0,0.0,[]
5,Cvddwf,12,0.0,1.0,0.0,0.0,[]
5,Cvddwf,13,1.2999049769461852e-06,0.999998700095023,0.0,0.0,"['Cough', 'Cough']"
5,Cvddwf,14,5.4101004542950234e-05,0.9999278218994248,1.5960456893408933e-05,2.1166391389014435e-06,[]
5,Cvddwf,15,0.0022432855977667023,0.9969876532081482,0.0006790121607283141,9.004903335700286e-05,['Cough']
5,Cvddwf,16,0.08044188141492335,0.8897973317589104,0.02626274474650892,0.0034980420796574827,[]
5,Cvddwf,17,0.39732833184297706,0.11521545527849286,0.33247113955619795,0.154985073322332,[]
5,Cvddwf,18,0.18293999795765917,0.03623577181635949,0.5913535876134673,0.18947064261251376,['Fatigue']
5,Cvddwf,19,0.04544101727561156,0.022332911557383046,0.727383183047371,0.20484288811963355,[]
6,Ssuqrktd,0,0.0,1.0,0.0,0.0,"['Cough', 'Cough', 'Cough']"
6,Ssuqrktd,1,0.0,1.0,0.0,0.0,[]
6,Ssuqrktd,2,0.0,1.0,0.0,0.0,[]
6,Ssuqrktd,3,0.0,1.0,0.0,0.0,['Fatigue']
6,Ssuqrktd,4,0.0,1.0,0.0,0.0,"['Cough', 'Cough']"
6,Ssuqrktd,5,0.0,1.0,0.0,0.0,[]
6,Ssuqrktd,6,0.0,1.0,0.0,0.0,[]
6,Ssuqrktd,7,0.0,1.0,0.0,0.0,['Death']
6,Ssuqrktd,8,0.0,1.0,0.0,0.0,[]
6,Ssuqrktd,9,0.0,1.0,0.0,0.0,[]
6,Ssuqrktd,10,0.0,1.0,0.0,0.0,"['Cough', 'Cough']"
6,Ssuqrktd,11,3.2249637997813474e-06,0.9999967750362002,0.0,0.0,[]
6,Ssuqrktd,12,3.293032099537819e-05,0.9999437440046968,2.138497572574698e-05,1.940698582129441e-06,[]
6,Ssuqrktd,13,0.0003359674305468761,0.9994026268585673,0.00023965672795045,2.1748982935306725e-05,"['Cough', 'Cough']"
6,Ssuqrktd,14,0.0034050469041123272,0.9939102464323714,0.0024601102004691796,0.00022459646304690648,[]
6,Ssuqrktd,15,0.03169739500312521,0.9420704716884885,0.02403645019477689,0.0021956831136092396,['Cough']
6,Ssuqrktd,16,0.15958345351115374,0.6539543576762615,0.1707993036258136,0.01566288518677029,[]
6,Ssuqrktd,17,0.17043409219428104,0.1274682330946074,0.48832828677336004,0.2137693879377507,[]
6,Ssuqrktd,18,0.04066651376022917,0.08636145125627977,0.6448408000647275,0.22813123491876203,['Fatigue']
6,Ssuqrktd,19,0.006385889540708313,0.08016134676334763,0.6823978989756532,0.23105486472028933,[]
7,Wpb,0,0.0,1.0,0.0,0.0,"['Cough', 'Cough', 'Cough']"
7,Wpb,1,0.0,1.0,0.0,0.0,[]
7,Wpb,2,0.0,1.0,0.0,0.0,[]
7,Wpb,3,0.0,1.0,0.0,0.0,['Fatigue']
7,Wpb,4,0.0,1.0,0.0,0.0,"['Cough', 'Cough']"
7,Wpb,5,0.0,1.0,0.0,0.0,[]
7,Wpb,6,0.0,1.0,0.0,0.0,[]
7,Wpb,7,4.989820765638099e-06,0.9999950101792343,0.0,0.0,['Death']
7,Wpb,8,7.003160148519701e-05,0.9999099336022308,1.6154328494710283e-05,3.880467789365995e-06,[]
7,Wpb,9,0.000981499286826496,0.9987174751232869,0.00024272102373292225,5.830456615426375e-05,[]
7,Wpb,10,0.013488638449608549,0.9823101268827252,0.0033875126027010025,0.0008137220649658674,"['Cough', 'Cough']"
7,Wpb,11,0.23817963907269613,0.6876462901503746,0.059726281974016575,0.014447788802912944,[]
7,Wpb,12,0.4762404939035003,0.2566940530113978,0.21503316541382964,0.05203228767127247,[]
7,Wpb,13,0.33488113487162086,0.04114167292364528,0.5024013681943701,0.12157582401036422,"['Cough', 'Cough']"
7,Wpb,14,0.1619005724792146,0.014872395205454855,0.6626201666102279,0.1606068657051034,[]
7,Wpb,15,0.0741059668795792,0.00924190475639683,0.7377442250410863,0.1789079033229379,['Cough']
7,Wpb,16,0.03342526671049841,0.007447816474011213,0.7718688056634464,0.18725811115204444,[]
7,Wpb,17,0.015003231593890992,0.0035146749746104056,0.7872226225847092,0.19425947084679032,[]
7,Wpb,18,0.006631752883788146,0.0033658896175821624,0.7940678700522713,0.19593448744635994,['Fatigue']
7,Wpb,19,0.0025836504053131835,0.0033086262782610343,0.7974675154357738,0.19664020788065323,[]
8,Jyudawpc,0,0.0,1.0,0.0,0.0,"['Cough', 'Cough', 'Cough']"
8,Jyudawpc,1,0.0,1.0,0.0,0.0,[]
8,Jyudawpc,2,0.0,1.0,0.0,0.0,[]
8,Jyudawpc,3,0.0,1.0,0.0,0.0,['Fatigue']
8,Jyudawpc,4,0.0,1.0,0.0,0.0,"['Cough', 'Cough']"
8,Jyudawpc,5,0.0,1.0,0.0,0.0,[]
8,Jyudawpc,6,0.0,1.0,0.0,0.0,[]
8,Jyudawpc,7,0.0,1.0,0.0,0.0,['Death']
8,Jyudawpc,8,0.0,1.0,0.0,0.0,[]
8,Jyudawpc,9,0.0,1.0,0.0,0.0,[]
8,Jyudawpc,10,0.0,1.0,0.0,0.0,"['Cough', 'Cough']"
8,Jyudawpc,11,1.1888881755559835e-06,0.9999988111118244,0.0,0.0,[]
8,Jyudawpc,12,6.714808894838586e-05,0.9999043497144957,2.6148327226577307e-05,2.3538693293260213e-06,[]
8,Jyudawpc,13,0.0037653445962141643,0.9946020137021623,0.0014978091030312265,0.00013483259859265636,"['Cough', 'Cough']"
8,Jyudawpc,14,0.14936883332920428,0.7732297123165399,0.07097105754527505,0.006430396808980186,[]
8,Jyudawpc,15,0.3363867451537839,0.26508272825764234,0.3654177967286328,0.03311272985994047,['Cough']
8,Jyudawpc,16,0.1210841975219336,0.06658087435081914,0.7446989534098268,0.06763597471741965,[]
8,Jyudawpc,17,0.027609631690352056,0.02230096884062745,0.8496859945205588,0.10040340494846078,[]
8,Jyudawpc,18,0.005202557606907826,0.020586907020606334,0.8717947306575178,0.10241580471496746,['Fatigue']
8,Jyudawpc,19,0.0007119196517965925,0.020326276583949063,0.8762054141791473,0.10275638958510647,[]
9,Ooxl,0,0.0,1.0,0.0,0.0,"['Cough', 'Cough', 'Cough']"
9,Ooxl,1,0.0,1.0,0.0,0.0,[]
9,Ooxl,2,0.0,1.0,0.0,0.0,[]
9,Ooxl,3,0.0,1.0,0.0,0.0,['Fatigue']
9,Ooxl,4,0.0,1.0,0.0,0.0,"['Cough', 'Cough']"
9,Ooxl,5,0.0,1.0,0.0,0.0,[]
9,Ooxl,6,0.0,1.0,0.0,0.0,[]
9,Ooxl,7,0.0,1.0,0.0,0.0,['Death']
9,Ooxl,8,0.0,1.0,0.0,0.0,[]
9,Ooxl,9,0.0,1.0,0.0,0.0,[]
9,Ooxl,10,0.0,1.0,0.0,0.0,"['Cough', 'Cough']"
9,Ooxl,11,0.0,1.0,0.0,0.0,[]
9,Ooxl,12,0.0,1.0,0.0,0.0,[]
9,Ooxl,13,4.54822482784969e-06,0.9999954517751721,0.0,0.0,"['Cough', 'Cough']"
9,Ooxl,14,0.00010131351731488984,0.9998450455234739,4.8240391800099606e-05,5.400567410983049e-06,[]
9,Ooxl,15,0.0022459636257384243,0.9965083456645081,0.001120274670402304,0.00012541603935132135,['Cough']
9,Ooxl,16,0.044923971648690796,0.9287061808866718,0.023704788803665784,0.0026650586609722636,[]
9,Ooxl,17,0.26855582712558873,0.14044602767263953,0.26297877013370713,0.3280193750680652,[]
9,Ooxl,18,0.1087048092445069,0.07440171133337027,0.46603976908030725,0.35085371034181656,['Fatigue']
9,Ooxl,19,0.018729821983812157,0.0584535321601369,0.5627382684219734,0.3600783774340784,[]
10,Tmoub,0,0.0,1.0,0.0,0.0,"['Cough', 'Cough', 'Cough']"
10,Tmoub,1,0.0,1.0,0.0,0.0,[]
10,Tmoub,2,0.0,1.0,0.0,0.0,[]
10,Tmoub,3,0.0,1.0,0.0,0.0,['Fatigue']
10,Tmoub,4,0.0,1.0,0.0,0.0,"['Cough', 'Cough']"
10,Tmoub,5,0.0,1.0,0.0,0.0,[]
10,Tmoub,6,0.0,1.0,0.0,0.0,[]
10,Tmoub,7,0.0,1.0,0.0,0.0,['Death']
10,Tmoub,8,1.4752569897676175e-06,0.9999985247430102,0.0,0.0,[]
10,Tmoub,9,1.9859296679035764e-05,0.9999746684218421,4.218329554175247e-06,1.2539519242176342e-06,[]
10,Tmoub,10,0.0002672371492403843,0.9996536386223542,6.099322055154826e-05,1.81310078533677e-05,"['Cough', 'Cough']"
10,Tmoub,11,0.006876469839444314,0.9914683161719837,0.0012738580372418907,0.0003813559513292043,[]
10,Tmoub,12,0.1419529730792628,0.8200605140147192,0.029232262003386786,0.008754250902630536,[]
10,Tmoub,13,0.49248427974699077,0.21309141503111814,0.22657151502719575,0.06785279019469502,"['Cough', 'Cough']"
10,Tmoub,14,0.33059984266108633,0.035795295685410365,0.48718525049875977,0.14641961115474336,[]
10,Tmoub,15,0.1640782223895351,0.013296900067708946,0.6324212066456887,0.19020367089706747,['Cough']
10,Tmoub,16,0.07766189359652412,0.008248921102575928,0.7026264285412215,0.2114627567596785,[]
10,Tmoub,17,0.03630695013123969,0.003889272335444632,0.7356410380885008,0.22416273944481555,[]
10,Tmoub,18,0.016721316582018027,0.0035049669729329547,0.7509693560619519,0.2288043603830973,['Fatigue']
10,Tmoub,19,0.006859933044730083,0.003356882630751442,0.7589330455006222,0.23085013882389602,[]
11,Axlqasr,0,0.0,1.0,0.0,0.0,"['Cough', 'Cough', 'Cough']"
11,Axlqasr,1,0.0,1.0,0.0,0.0,[]
11,Axlqasr,2,0.0,1.0,0.0,0.0,[]
11,Axlqasr,3,0.0,1.0,0.0,0.0,['Fatigue']
11,Axlqasr,4,0.0,1.0,0.0,0.0,"['Cough', 'Cough']"
11,Axlqasr,5,0.0,1.0,0.0,0.0,[]
11,Axlqasr,6,1.0052029303675826e-06,0.9999989947970697,0.0,0.0,[]
11,Axlqasr,7,0.00011237633021048791,0.9998778796122822,5.461928436643249e-06,4.282129070561744e-06,['Death']
11,Axlqasr,8,0.003510237449196591,0.9955943049327465,0.0007101464871305242,0.00018531113092595426,[]
11,Axlqasr,9,0.09456629686846908,0.8788295033646254,0.021164336670806923,0.005439863096097968,[]
11,Axlqasr,10,0.46867103344990624,0.2326457451324229,0.23763373924259443,0.06104948217507511,"['Cough', 'Cough']"
11,Axlqasr,11,0.33285067978152744,0.03249918796701145,0.5045268118046178,0.13012332044684155,[]
11,Axlqasr,12,0.14596479227237302,0.009545927728335686,0.6712236294978385,0.17326565050145096,[]
11,Axlqasr,13,0.06062238412362357,0.0056815620231768504,0.7420897451760992,0.1916063086770987,"['Cough', 'Cough']"
11,Axlqasr,14,0.02485923832423083,0.004587422991555041,0.7713292988761234,0.19922403980808934,[]
11,Axlqasr,15,0.010157248205287933,0.00420309525222881,0.7832975489296728,0.20234210761280866,['Cough']
11,Axlqasr,16,0.00414115039667378,0.004055666749861686,0.7881826817120542,0.20362050114140917,[]
11,Axlqasr,17,0.0016874920048489043,0.0021584207270992782,0.7901738589782841,0.2059802282897673,[]
11,Axlqasr,18,0.0006807955025921633,0.0021457136659457274,0.790981825313597,0.20619166551786425,['Fatigue']
11,Axlqasr,19,0.00023941370501637924,0.0021411471097880427,0.7913467578391457,0.2062726813460494,[]
12,Rpfe,0,0.0,1.0,0.0,0.0,"['Cough', 'Cough', 'Cough']"
12,Rpfe,1,0.0,1.0,0.0,0.0,[]
12,Rpfe,2,0.0,1.0,0.0,0.0,[]
12,Rpfe,3,0.0,1.0,0.0,0.0,['Fatigue']
12,Rpfe,4,0.0,1.0,0.0,0.0,"['Cough', 'Cough']"
12,Rpfe,5,0.0,1.0,0.0,0.0,[]
12,Rpfe,6,0.0,1.0,0.0,0.0,[]
12,Rpfe,7,1.0148400053989489e-06,0.9999989851599946,0.0,0.0,['Death']
12,Rpfe,8,9.851651994804213e-06,0.9999842446994764,5.343179936213353e-06,5.604685922386995e-07,[]
12,Rpfe,9,9.561579891296748e-05,0.9998411762583265,5.720723548161165e-05,6.000707279000831e-06,[]
12,Rpfe,10,0.0009261234469538193,0.9984550546099223,0.0005600734824661378,5.874846065739682e-05,"['Cough', 'Cough']"
12,Rpfe,11,0.018125902375408023,0.9724232492487097,0.008547974385092971,0.00090287399078925,[]
12,Rpfe,12,0.20178511313211114,0.6590384464265066,0.1258749753676001,0.01330146507378205,[]
12,Rpfe,13,0.2920371377371043,0.2628884901102484,0.4025365528018594,0.04253781935078738,"['Cough', 'Cough']"
12,Rpfe,14,0.12901193350919163,0.0981280833673999,0.6988055737652227,0.07405440935818516,[]
12,Rpfe,15,0.03976091676845225,0.06877553477675019,0.8060054050190405,0.08545814343575714,['Cough']
12,Rpfe,16,0.011401615023035924,0.06189418068715429,0.8378440135426093,0.08886019074720078,[]
12,Rpfe,17,0.0032118658031107515,0.034238723081003675,0.8468930884235102,0.11565632269237634,[]
12,Rpfe,18,0.0007988098934029251,0.03396475849185522,0.8493207104904322,0.11591572112431038,['Fatigue']
12,Rpfe,19,0.0001514594128358989,0.03390673639957049,0.8499674571555275,0.11597434703206692,[]
13,Pajwdvp,0,5.182501800919376e-06,0.9999948174981991,0.0,0.0,"['Cough', 'Cough', 'Cough']"
13,Pajwdvp,1,0.0004582584854167887,0.9995269697916926,0.0,1.4771722891485516e-05,[]
13,Pajwdvp,2,0.038946389097409856,0.959757794641251,0.0,0.0012958162613399802,[]
13,Pajwdvp,3,0.7431909666369126,0.2077570265546296,0.0,0.04905200680845872,['Fatigue']
13,Pajwdvp,4,0.6209704956248006,0.18053729154119463,0.10141969945890636,0.09707251337509917,"['Cough', 'Cough']"
13,Pajwdvp,5,0.4668441892956681,0.07970552442773884,0.2744007043550929,0.17904958192150044,[]
13,Pajwdvp,6,0.34389057250260585,0.010037189058446918,0.4050886186470567,0.24098361979189056,[]
13,Pajwdvp,7,0.22131498495167615,0.002487332273186792,0.49337462512610086,0.2828230576490363,['Death']
13,Pajwdvp,8,0.07251531549803963,0.001419492479287676,0.6230978694706498,0.30296732255202274,[]
13,Pajwdvp,9,0.02370636963535906,0.0011818884208171906,0.6655518850983446,0.309559856845479,[]
13,Pajwdvp,10,0.007745554594346621,0.0011132516682381512,0.6794267569913226,0.3117144367460928,"['Cough', 'Cough']"
13,Pajwdvp,11,0.0025296986167358195,0.001087482034392096,0.6839592977240189,0.3124235216248537,[]
13,Pajwdvp,12,0.0008261351386179853,0.001079196611662236,0.6854395684351415,0.312655099814578,[]
13,Pajwdvp,13,0.0002697878785734248,0.0010765046108866302,0.6859229811030179,0.3127307264075218,"['Cough', 'Cough']"
13,Pajwdvp,14,8.801366805078946e-05,0.0010756266662889282,0.6860807821874554,0.31275557747820404,[]
13,Pajwdvp,15,2.8712872541412578e-05,0.0010753404080922435,0.6861322620163527,0.3127636847030134,['Cough']
13,Pajwdvp,16,9.360617863738514e-06,0.0010752470591531772,0.6861490517214367,0.31276634060154596,[]
13,Pajwdvp,17,3.0516327356853644e-06,0.00038707798624015215,0.6861545252939932,0.31345534508703077,[]
13,Pajwdvp,18,9.91399904499253e-07,0.0003870744198851921,0.686156307217577,0.3134556269626326,['Fatigue']
13,Pajwdvp,19,2.6842658678997186e-07,0.00038707339927869863,0.6861569455502182,0.3134557126239159,[]
14,Wyy,0,0.0,1.0,0.0,0.0,"['Cough', 'Cough', 'Cough']"
14,Wyy,1,0.0,1.0,0.0,0.0,[]
14,Wyy,2,0.0,1.0,0.0,0.0,[]
14,Wyy,3,0.0,1.0,0.0,0.0,['Fatigue']
14,Wyy,4,0.0,1.0,0.0,0.0,"['Cough', 'Cough']"
14,Wyy,5,0.0,1.0,0.0,0.0,[]
14,Wyy,6,0.0,1.0,0.0,0.0,[]
14,Wyy,7,0.0,1.0,0.0,0.0,['Death']
14,Wyy,8,7.921670521879654e-06,0.9999920783294781,0.0,0.0,[]
14,Wyy,9,0.0003676786540152853,0.9995398158192732,7.781824984990992e-05,1.468727686173663e-05,[]
14,Wyy,10,0.01665105343408885,0.9790143684793643,0.0036463689524659907,0.0006882091340810406,"['Cough', 'Cough']"
14,Wyy,11,0.48755683928037713,0.31753806341615803,0.16377028118876788,0.031134816114697005,[]
14,Wyy,12,0.4991505958815627,0.08784552019112934,0.3470243915921148,0.06597949233519335,[]
14,Wyy,13,0.21992673609206118,0.010651463059181045,0.6464989980689665,0.12292280277979145,"['Cough', 'Cough']"
14,Wyy,14,0.08313388367514248,0.004599422015659036,0.7663948088639055,0.14587188544529295,[]
14,Wyy,15,0.03088403358631477,0.0033614452596959503,0.8112894229579787,0.1544650981960104,['Cough']
14,Wyy,16,0.011416632793498367,0.0029930394282544413,0.8279265363706421,0.15766379140760522,[]
14,Wyy,17,0.004214623226389184,0.0012330050193747495,0.834072494488283,0.16047987726595317,[]
14,Wyy,18,0.001540224690538067,0.0012137310549421771,0.8363317892945242,0.16091425495999545,['Fatigue']
14,Wyy,19,0.0004797605351141172,0.0012075463311504507,0.8372488604979874,0.16106383263574775,[]
15,Bob,0,0.0,1.0,0.0,0.0,"['Cough', 'Cough', 'Cough']"
15,Bob,1,0.0,1.0,0.0,0.0,[]
15,Bob,2,0.0,1.0,0.0,0.0,[]
15,Bob,3,0.0,1.0,0.0,0.0,['Fatigue']
15,Bob,4,0.0,1.0,0.0,0.0,"['Cough', 'Cough']"
15,Bob,5,0.0,1.0,0.0,0.0,[]
15,Bob,6,0.0,1.0,0.0,0.0,[]
15,Bob,7,0.0,1.0,0.0,0.0,['Death']
15,Bob,8,1.9084370091738566e-06,0.9999980915629908,0.0,0.0,[]
15,Bob,9,9.391969633119005e-05,0.9998841857769178,1.819605895800322e-05,3.6984677928158646e-06,[]
15,Bob,10,0.004592019972408856,0.99431203027397,0.0009108197020584358,0.00018513005156227134,"['Cough', 'Cough']"
15,Bob,11,0.3185105057987019,0.5996019125491606,0.06797058905753436,0.013916992594603201,[]
15,Bob,12,0.5270687017361674,0.2532786725052484,0.1823202050503127,0.03733242070827184,[]
15,Bob,13,0.2784735141698775,0.1249106321627878,0.4952123514895604,0.10140350217777482,"['Cough', 'Cough']"
15,Bob,14,0.15873315112499134,0.03318595485001195,0.6705372673771672,0.13754362664783046,[]
15,Bob,15,0.0704246329516533,0.017310097435359613,0.756916164124699,0.15534910548828867,['Cough']
15,Bob,16,0.029662561252740097,0.013078366591084002,0.7941919442420734,0.16306712791410338,[]
15,Bob,17,0.012303877399254861,0.006980233750395559,0.8097698385911383,0.1709460502592121,[]
15,Bob,18,0.004940608025866113,0.0066540995056047795,0.8161402385641097,0.17226505390442035,['Fatigue']
15,Bob,19,0.0017055804978998346,0.006541386222532427,0.8189878041826232,0.17276522909694556,[]
16,Dtf,0,0.0,1.0,0.0,0.0,"['Cough', 'Cough', 'Cough']"
16,Dtf,1,0.0,1.0,0.0,0.0,[]
16,Dtf,2,0.0,1.0,0.0,0.0,[]
16,Dtf,3,0.0,1.0,0.0,0.0,['Fatigue']
16,Dtf,4,0.0,1.0,0.0,0.0,"['Cough', 'Cough']"
16,Dtf,5,0.0,1.0,0.0,0.0,[]
16,Dtf,6,0.0,1.0,0.0,0.0,[]
16,Dtf,7,0.0,1.0,0.0,0.0,['Death']
16,Dtf,8,0.0,1.0,0.0,0.0,[]
16,Dtf,9,1.191369717764514e-05,0.9999880863028223,0.0,0.0,[]
16,Dtf,10,5.661585372307603e-05,0.9998908204881807,4.815879299091e-05,4.4048651058443655e-06,"['Cough', 'Cough']"
16,Dtf,11,0.000522342665471974,0.999041915550587,0.0003990073712767156,3.673441266522429e-05,[]
16,Dtf,12,0.004759822653736347,0.991290754261824,0.0036162319613030447,0.00033319112313743757,[]
16,Dtf,13,0.038927335781471215,0.9267778062648501,0.031401358416143,0.0028934995375366067,"['Cough', 'Cough']"
16,Dtf,14,0.16300830220892915,0.6264185800644608,0.19271613596269155,0.017856981763919144,[]
16,Dtf,15,0.15788144153735797,0.2986227219388412,0.49737851686059914,0.046117319663202705,['Cough']
16,Dtf,16,0.064449312817327,0.1910838413713404,0.6812203617242889,0.0632464840870452,[]
16,Dtf,17,0.02055870049509208,0.050475034352075274,0.7472224837543386,0.1817437813984955,[]
16,Dtf,18,0.003901221576742278,0.04842450900246541,0.7643359670897326,0.1833383023310612,['Fatigue']
16,Dtf,19,0.0005296663989700408,0.048104943433859126,0.7677567040752805,0.18360868609189196,[]
17,Rpvj,0,0.0,1.0,0.0,0.0,"['Cough', 'Cough', 'Cough']"
17,Rpvj,1,0.0,1.0,0.0,0.0,[]
17,Rpvj,2,0.0,1.0,0.0,0.0,[]
17,Rpvj,3,0.0,1.0,0.0,0.0,['Fatigue']
17,Rpvj,4,0.0,1.0,0.0,0.0,"['Cough', 'Cough']"
17,Rpvj,5,1.2384038955232937e-06,0.9999987615961045,0.0,0.0,[]
17,Rpvj,6,0.00011511147931992998,0.9998746300538354,5.3327037412789395e-06,4.9257631040056475e-06,[]
17,Rpvj,7,0.010573981364456898,0.9884677179705856,0.000498157630995201,0.00046014303396245393,['Death']
17,Rpvj,8,0.20525827451748843,0.7330331513208637,0.04713344700515974,0.014575127156488251,[]
17,Rpvj,9,0.46838909060360073,0.25965206036265986,0.20853325387503044,0.06342559515870953,[]
17,Rpvj,10,0.3210041765901667,0.04270272824760936,0.48821648851998434,0.14807660664224018,"['Cough', 'Cough']"
17,Rpvj,11,0.1515545991614114,0.013174081530411707,0.6406993501592705,0.19457196914890673,[]
17,Rpvj,12,0.0667154595440596,0.007740753624100165,0.7098777953601426,0.21566599147169757,[]
17,Rpvj,13,0.028908088301249517,0.006139402259078562,0.7400778578171439,0.22487465162252776,"['Cough', 'Cough']"
17,Rpvj,14,0.01244494490782599,0.005554535305097034,0.7531219790351372,0.22887854075193967,[]
17,Rpvj,15,0.005347014016292848,0.005320523578283286,0.7587319444403762,0.23060051796504824,['Cough']
17,Rpvj,16,0.0022934146857009475,0.0052231159850585265,0.7611403834757607,0.23134308585348062,[]
17,Rpvj,17,0.000983348399603881,0.002746403803131103,0.7621732264925012,0.23409702130476492,[]
17,Rpvj,18,0.00041633223414086024,0.002737139228123803,0.7626137006216429,0.234232827916093,['Fatigue']
17,Rpvj,19,0.00015537348986320392,0.0027336249214560404,0.7628233404855662,0.2342876611031157,[]
18,Bvkg,0,0.0,1.0,0.0,0.0,"['Cough', 'Cough', 'Cough']"
18,Bvkg,1,0.0,1.0,0.0,0.0,[]
18,Bvkg,2,0.0,1.0,0.0,0.0,[]
18,Bvkg,3,0.0,1.0,0.0,0.0,['Fatigue']
18,Bvkg,4,0.0,1.0,0.0,0.0,"['Cough', 'Cough']"
18,Bvkg,5,0.0,1.0,0.0,0.0,[]
18,Bvkg,6,0.0,1.0,0.0,0.0,[]
18,Bvkg,7,0.0,1.0,0.0,0.0,['Death']
18,Bvkg,8,0.0,1.0,0.0,0.0,[]
18,Bvkg,9,0.0,1.0,0.0,0.0,[]
18,Bvkg,10,0.0,1.0,0.0,0.0,"['Cough', 'Cough']"
18,Bvkg,11,0.0,1.0,0.0,0.0,[]
18,Bvkg,12,0.0,1.0,0.0,0.0,[]
18,Bvkg,13,3.6666568889149627e-06,0.9999963333431111,0.0,0.0,"['Cough', 'Cough']"
18,Bvkg,14,0.00017275695912548263,0.9997940223720558,2.601955161095216e-05,7.201117207831388e-06,[]
18,Bvkg,15,0.008053004894244044,0.9903567440842481,0.0012455383952143292,0.0003447126262935773,['Cough']
18,Bvkg,16,0.24853518408879333,0.6908858247468819,0.04740287640576352,0.013176114758561262,[]
18,Bvkg,17,0.5174882123118113,0.13546519513511288,0.16971560103654537,0.1773309915165305,[]
18,Bvkg,18,0.2753191788595972,0.07831712131618951,0.4039243815462617,0.2424393182779514,['Fatigue']
18,Bvkg,19,0.14097364403036347,0.031341227161441956,0.5506445261116205,0.2770406026965738,[]
19,Ryex,0,0.0,1.0,0.0,0.0,"['Cough', 'Cough', 'Cough']"
19,Ryex,1,0.0,1.0,0.0,0.0,[]
19,Ryex,2,0.0,1.0,0.0,0.0,[]
19,Ryex,3,0.0,1.0,0.0,0.0,['Fatigue']
19,Ryex,4,0.0,1.0,0.0,0.0,"['Cough', 'Cough']"
19,Ryex,5,0.0,1.0,0.0,0.0,[]
19,Ryex,6,0.0,1.0,0.0,0.0,[]
19,Ryex,7,0.0,1.0,0.0,0.0,['Death']
19,Ryex,8,0.0,1.0,0.0,0.0,[]
19,Ryex,9,0.0,1.0,0.0,0.0,[]
19,Ryex,10,0.0,1.0,0.0,0.0,"['Cough', 'Cough']"
19,Ryex,11,2.8307201068879914e-06,0.9999971692798931,0.0,0.0,[]
19,Ryex,12,9.684837980172527e-05,0.9998665450696596,3.1606028397794494e-05,5.000522140801975e-06,[]
19,Ryex,13,0.0032943282664026786,0.9954201960832723,0.0011098773118766198,0.00017559833844862634,"['Cough', 'Cough']"
19,Ryex,14,0.09352701111094389,0.8662946698722875,0.034659409042371345,0.005518909974397884,[]
19,Ryex,15,0.36132733342219014,0.23220036662887208,0.35062991858284254,0.055842381366095914,['Cough']
19,Ryex,16,0.18864408958585985,0.06976362372517816,0.6395322070142326,0.10206007967473009,[]
19,Ryex,17,0.059363254797343286,0.015370531400191588,0.777149461956864,0.14811675184560213,[]
19,Ryex,18,0.015522093740859067,0.013034906027501063,0.8169578285110964,0.15448517172054535,['Fatigue']
19,Ryex,19,0.003199968222450524,0.012558314449624646,0.8282271364376685,0.15601458089025846,[]
