City id,City Name,turn,Infected,Healthy,Dead,Recovered,Actions
0,Hkblkg,0,0.0,1.0,0.0,0.0,"['Cough', 'Cough', 'Cough', 'Cough']"
0,Hkblkg,1,0.0,1.0,0.0,0.0,[]
0,Hkblkg,2,0.0,1.0,0.0,0.0,[]
0,Hkblkg,3,0.0,1.0,0.0,0.0,[]
0,Hkblkg,4,0.0,1.0,0.0,0.0,['Fatigue']
0,Hkblkg,5,1.0110497628582782e-06,0.9999989889502371,0.0,0.0,"['Cough', 'Cough']"
0,Hkblkg,6,0.00010023128326451405,0.9998917051336687,4.996235768311929e-06,3.067347298002512e-06,[]
0,Hkblkg,7,0.009829591386479482,0.9893671701969445,0.0004976904775922544,0.00030554793898366565,[]
0,Hkblkg,8,0.4610907819761214,0.4848608649344161,0.03348862567709008,0.020559727412372702,"['Cough', 'Cough']"
0,Hkblkg,9,0.6808927916531021,0.1982826814116808,0.07483774330956085,0.04598678362565666,[]
0,Hkblkg,10,0.5628361104584175,0.045153977735261246,0.22412090396157486,0.16788900784474695,['Fatigue']
0,Hkblkg,11,0.32146804331158607,0.025950396302539765,0.42155406127420364,0.23102749911167095,[]
0,Hkblkg,12,0.18765971492003164,0.008884645899117204,0.5358702038611148,0.26758543531973683,[]
0,Hkblkg,13,0.10550600004966179,0.004822298614444237,0.6011954587578885,0.28847624257800536,[]
0,Hkblkg,14,0.05869888259223707,0.003428382418046877,0.6377170155423023,0.3001557194474139,"['Cough', 'Cough']"
0,Hkblkg,15,0.03258969635861572,0.002731374752782819,0.6580131970218668,0.3066657318667353,[]
0,Hkblkg,16,0.018048957491170768,0.0024081100879400565,0.6692674061924104,0.3102755262284798,"['Cough', 'Cough']"
0,Hkblkg,17,0.009977462398539621,0.002246022595327474,0.6754946898391277,0.3122818251670066,[]
0,Hkblkg,18,0.005512163086878065,0.0021611900982245885,0.6789360789440242,0.3133905678708742,[]
0,Hkblkg,19,0.00304426982854821,0.0021157165680752927,0.6808370069711687,0.314003006632209,[]
1,Mabmp,0,7.863242486671804e-06,0.9999921367575133,0.0,0.0,"['Cough', 'Cough', 'Cough', 'Cough']"
1,Mabmp,1,0.00045375985335700645,0.9995258792571595,0.0,2.036088948391415e-05,[]
1,Mabmp,2,0.025507118974005327,0.9733125845697459,0.0,0.0011802964562493132,[]
1,Mabmp,3,0.5736550681916631,0.3849688875972454,0.0,0.04137604421109174,[]
1,Mabmp,4,0.6265859065721293,0.2917381894402126,0.0,0.08167590398765792,['Fatigue']
1,Mabmp,5,0.3611359147866351,0.2066622959170505,0.258720871962136,0.17348091733417803,"['Cough', 'Cough']"
1,Mabmp,6,0.2779057465585459,0.046612274723123584,0.4382328579177235,0.2372491208006066,[]
1,Mabmp,7,0.15305909303169327,0.018298317950425618,0.5512472607359828,0.27739532828189783,[]
1,Mabmp,8,0.07890122903017924,0.011151235669685018,0.6112406881079985,0.29870684719213686,"['Cough', 'Cough']"
1,Mabmp,9,0.039889978319357214,0.008658425344980488,0.6418526478163307,0.30959894851933156,[]
1,Mabmp,10,0.020020364846759193,0.0043451301696642575,0.6572714552005369,0.3183630497830396,['Fatigue']
1,Mabmp,11,0.005985509996952575,0.004162631958512058,0.6692688200057478,0.3205830380387876,[]
1,Mabmp,12,0.0017887960483696853,0.004109592612577229,0.67285498969485,0.3212466216442032,[]
1,Mabmp,13,0.0005345283625743079,0.004093874806745381,0.673926671545547,0.3214449252851339,[]
1,Mabmp,14,0.0001597224265703705,0.004089189834564746,0.6742469063210523,0.32150418141781345,"['Cough', 'Cough']"
1,Mabmp,15,4.78434472890875e-05,0.004087510336657873,0.6743426884458943,0.3215219577701597,[]
1,Mabmp,16,1.433102095644306e-05,0.004087007394006193,0.6743713790764776,0.32152728250856083,"['Cough', 'Cough']"
1,Mabmp,17,4.28902793595048e-06,0.004086856800495867,0.674379970135504,0.32152888403606494,[]
1,Mabmp,18,1.2836317441747044e-06,0.004086811731544038,0.6743825412911206,0.321529363345592,[]
1,Mabmp,19,3.841686941668982e-07,0.0040867982432856755,0.6743833107934012,0.3215295067946198,[]
2,Avyqull,0,0.0,1.0,0.0,0.0,"['Cough', 'Cough', 'Cough', 'Cough']"
2,Avyqull,1,0.0,1.0,0.0,0.0,[]
2,Avyqull,2,0.0,1.0,0.0,0.0,[]
2,Avyqull,3,0.0,1.0,0.0,0.0,[]
2,Avyqull,4,0.0,1.0,0.0,0.0,['Fatigue']
2,Avyqull,5,0.0,1.0,0.0,0.0,"['Cough', 'Cough']"
2,Avyqull,6,0.0,1.0,0.0,0.0,[]
2,Avyqull,7,0.0,1.0,0.0,0.0,[]
2,Avyqull,8,0.0,1.0,0.0,0.0,"['Cough', 'Cough']"
2,Avyqull,9,1.4597005862157554e-06,0.9999985402994138,0.0,0.0,[]
2,Avyqull,10,0.00012965832920296147,0.4099387109228121,1.5440160754331245e-05,0.5899161905872308,['Fatigue']
2,Avyqull,11,0.00023339860908566125,0.4096200919094372,0.00020265536659985937,0.5899438541148777,[]
2,Avyqull,12,0.0004193454965232457,0.4090477038571714,0.0005393460248364681,0.5899936046214689,[]
2,Avyqull,13,0.0007508751320048746,0.4080230270159364,0.0011432573319140492,0.5900828405201451,[]
2,Avyqull,14,0.0013363667677476114,0.40620012108326303,0.002221366684809156,0.5902421454641803,"['Cough', 'Cough']"
2,Avyqull,15,0.003342016393554,0.4015285170847286,0.004543214077159568,0.5905862524445576,[]
2,Avyqull,16,0.008035699411465163,0.3902965277842858,0.010237591125687208,0.5914301816785611,"['Cough', 'Cough']"
2,Avyqull,17,0.017641463076274268,0.3656586621767866,0.023321910545226476,0.5933779642017116,[]
2,Avyqull,18,0.03232695177459816,0.32083812010604024,0.04955221855889569,0.5972827095604651,[]
2,Avyqull,19,0.04464895707870206,0.26069458177738497,0.09117728307820258,0.6034791780657099,[]
3,Gsjna,0,0.0,1.0,0.0,0.0,"['Cough', 'Cough', 'Cough', 'Cough']"
3,Gsjna,1,0.0,1.0,0.0,0.0,[]
3,Gsjna,2,0.0,1.0,0.0,0.0,[]
3,Gsjna,3,0.0,1.0,0.0,0.0,[]
3,Gsjna,4,0.0,1.0,0.0,0.0,['Fatigue']
3,Gsjna,5,0.0,1.0,0.0,0.0,"['Cough', 'Cough']"
3,Gsjna,6,1.212332819304218e-06,0.9999987876671806,0.0,0.0,[]
3,Gsjna,7,7.221075518816221e-05,0.9999173196703924,7.05435624638502e-06,3.415218173198396e-06,[]
3,Gsjna,8,0.004278631376188424,0.9950888936640206,0.00042615903039386425,0.00020631592939746412,"['Cough', 'Cough']"
3,Gsjna,9,0.19446740561327905,0.7725062292201563,0.022241388979346976,0.010784976187218036,[]
3,Gsjna,10,0.5691721036259476,0.1160811898144943,0.11641700100491517,0.19832970555464413,['Fatigue']
3,Gsjna,11,0.2326451772466193,0.07353093549994255,0.4191501452003932,0.2746737420530463,[]
3,Gsjna,12,0.1050915327767693,0.03821129828315555,0.549221653541194,0.3074755153988821,[]
3,Gsjna,13,0.04393021285915338,0.02878954727902564,0.6055896864256839,0.3216905534361376,[]
3,Gsjna,14,0.017945809356628227,0.025614329619982917,0.628876722014669,0.3275631390087209,"['Cough', 'Cough']"
3,Gsjna,15,0.007409484564872559,0.024183691324412716,0.6384278682262651,0.329978955884451,[]
3,Gsjna,16,0.0030454273670892074,0.023617936860616598,0.6423624798425773,0.3309741559297177,"['Cough', 'Cough']"
3,Gsjna,17,0.001248336336551368,0.023389556544831817,0.6439776096631484,0.33138449745546933,[]
3,Gsjna,18,0.0005113247797534995,0.023296618132095426,0.6446394195415308,0.331552637546621,[]
3,Gsjna,19,0.00020937864020067259,0.023258662870144723,0.6449104601023464,0.3316214983873094,[]
4,Puy,0,0.0,1.0,0.0,0.0,"['Cough', 'Cough', 'Cough', 'Cough']"
4,Puy,1,0.0,1.0,0.0,0.0,[]
4,Puy,2,0.0,1.0,0.0,0.0,[]
4,Puy,3,0.0,1.0,0.0,0.0,[]
4,Puy,4,0.0,1.0,0.0,0.0,['Fatigue']
4,Puy,5,0.0,1.0,0.0,0.0,"['Cough', 'Cough']"
4,Puy,6,1.0012816404998398e-05,0.999989987183595,0.0,0.0,[]
4,Puy,7,0.0008104188157154087,0.9991193332027476,3.518140506227638e-05,3.506657647440869e-05,[]
4,Puy,8,0.06114983256607194,0.9332868790226184,0.002786191130265133,0.0027770972810441746,"['Cough', 'Cough']"
4,Puy,9,0.6968453292548155,0.15453283704869505,0.07437393326203497,0.07424790043445441,[]
4,Puy,10,0.5800012291223519,0.042812676381532966,0.17323566781234884,0.20395042668376592,['Fatigue']
4,Puy,11,0.3382481737539845,0.024615522604402792,0.344345655839695,0.29279064780191705,[]
4,Puy,12,0.20112766255927422,0.00825775134602113,0.44537141442374467,0.3452431716709592,[]
4,Puy,13,0.11552834460024194,0.004374666622676488,0.5042724359000141,0.37582455287706656,[]
4,Puy,14,0.06572464981186277,0.0030443489007439426,0.5379309595734172,0.3933000417139757,"['Cough', 'Cough']"
4,Puy,15,0.03730577474860973,0.0023781742142077863,0.5570564485240866,0.4032596025130958,[]
4,Puy,16,0.021126708801183433,0.002067625077970197,0.5678995433028978,0.4089061228179482,"['Cough', 'Cough']"
4,Puy,17,0.011940473414582334,0.0019102854170694994,0.5740342545590793,0.41211498660926815,[]
4,Puy,18,0.0067446854311042975,0.001826753350530519,0.5775004978301151,0.4139280633882489,[]
4,Puy,19,0.003808619780594648,0.0017812056538307277,0.5794581357652432,0.4149520388003302,[]
5,Cvddwf,0,0.0,1.0,0.0,0.0,"['Cough', 'Cough', 'Cough', 'Cough']"
5,Cvddwf,1,0.0,1.0,0.0,0.0,[]
5,Cvddwf,2,0.0,1.0,0.0,0.0,[]
5,Cvddwf,3,0.0,1.0,0.0,0.0,[]
5,Cvddwf,4,0.0,1.0,0.0,0.0,['Fatigue']
5,Cvddwf,5,0.0,1.0,0.0,0.0,"['Cough', 'Cough']"
5,Cvddwf,6,0.0,1.0,0.0,0.0,[]
5,Cvddwf,7,0.0,1.0,0.0,0.0,[]
5,Cvddwf,8,1.2999049769461852e-06,0.999998700095023,0.0,0.0,"['Cough', 'Cough']"
5,Cvddwf,9,0.00011379283237115885,0.9998732934541172,9.224252334736233e-06,3.6894611768020366e-06,[]
5,Cvddwf,10,0.009847358608310184,0.5043979631810267,0.0008121774438503079,0.4849425007668131,['Fatigue']
5,Cvddwf,11,0.03261028579694607,0.4649306190754936,0.014640267474698775,0.4878188276528618,[]
5,Cvddwf,12,0.08175212652081956,0.36775728467406515,0.05440123741418287,0.4960893513909327,[]
5,Cvddwf,13,0.12293663961564567,0.2344153697035988,0.1306900930195748,0.5119578976611807,[]
5,Cvddwf,14,0.11177979165974378,0.139740838015927,0.21829840961516392,0.5301809607091659,"['Cough', 'Cough']"
5,Cvddwf,15,0.08127989250297944,0.0846035216858396,0.28915339873915763,0.5449631870720242,[]
5,Cvddwf,16,0.04877522030403594,0.060867384757939125,0.3356862279110612,0.554671167026966,"['Cough', 'Cough']"
5,Cvddwf,17,0.0269170334280641,0.05037992462239237,0.3624279927625046,0.5602750491870416,[]
5,Cvddwf,18,0.014305305668423198,0.04547912983115202,0.37690647142284767,0.5633090930775798,[]
5,Cvddwf,19,0.007467433316954577,0.0430931976047526,0.38453225219542503,0.5649071168828701,[]
6,Ssuqrktd,0,0.0,1.0,0.0,0.0,"['Cough', 'Cough', 'Cough', 'Cough']"
6,Ssuqrktd,1,0.0,1.0,0.0,0.0,[]
6,Ssuqrktd,2,0.0,1.0,0.0,0.0,[]
6,Ssuqrktd,3,0.0,1.0,0.0,0.0,[]
6,Ssuqrktd,4,0.0,1.0,0.0,0.0,['Fatigue']
6,Ssuqrktd,5,0.0,1.0,0.0,0.0,"['Cough', 'Cough']"
6,Ssuqrktd,6,0.0,1.0,0.0,0.0,[]
6,Ssuqrktd,7,0.0,1.0,0.0,0.0,[]
6,Ssuqrktd,8,3.2249637997813474e-06,0.9999967750362002,0.0,0.0,"['Cough', 'Cough']"
6,Ssuqrktd,9,0.00010000074593128067,0.9998804734470217,1.5308076503456923e-05,4.217730543318928e-06,[]
6,Ssuqrktd,10,0.003088337391264868,0.42840378647331623,0.000489044087317254,0.5680188320481013,['Fatigue']
6,Ssuqrktd,11,0.004064029996655018,0.42310479986319527,0.004270508744033358,0.5685606613961164,[]
6,Ssuqrktd,12,0.0052366338227196624,0.4163021261487146,0.009194973810389969,0.5692662662181758,[]
6,Ssuqrktd,13,0.006570166445234966,0.4078093970953149,0.015456923204590913,0.5701635132548593,[]
6,Ssuqrktd,14,0.007978002713435363,0.39756405223336533,0.02318684542688666,0.5712710996263128,"['Cough', 'Cough']"
6,Ssuqrktd,15,0.012146788968482217,0.3812859240205669,0.033774591372791936,0.5727926956381587,[]
6,Ssuqrktd,16,0.01705198219965144,0.3586759233121321,0.049254706167176636,0.5750173883210395,"['Cough', 'Cough']"
6,Ssuqrktd,17,0.02150365971190518,0.3306565222967228,0.06984951089420709,0.577990307097165,[]
6,Ssuqrktd,18,0.023961263371523454,0.30026951962320914,0.09425579344234876,0.5815134235629195,[]
6,Ssuqrktd,19,0.02354854666970042,0.2714665389357109,0.11978611598777951,0.5851987984068099,[]
7,Wpb,0,0.0,1.0,0.0,0.0,"['Cough', 'Cough', 'Cough', 'Cough']"
7,Wpb,1,0.0,1.0,0.0,0.0,[]
7,Wpb,2,0.0,1.0,0.0,0.0,[]
7,Wpb,3,0.0,1.0,0.0,0.0,[]
7,Wpb,4,0.0,1.0,0.0,0.0,['Fatigue']
7,Wpb,5,4.989820765638099e-06,0.9999950101792343,0.0,0.0,"['Cough', 'Cough']"
7,Wpb,6,0.0002102948926621113,0.9997694332386399,1.1693990603133904e-05,8.577878094507531e-06,[]
7,Wpb,7,0.008776580356668964,0.9903528833972947,0.0005021758394687562,0.00036836040656776034,[]
7,Wpb,8,0.2593132808852648,0.709999894656577,0.017701941651559222,0.012984882806598711,"['Cough', 'Cough']"
7,Wpb,9,0.6112498139778229,0.27264981666682625,0.06693935287628985,0.04916101647906088,[]
7,Wpb,10,0.5343130370748297,0.06802413808851722,0.1930518437833627,0.2046109810532904,['Fatigue']
7,Wpb,11,0.31697309197761414,0.043798450209967504,0.3678340801753711,0.27139437763704716,[]
7,Wpb,12,0.19604198677014417,0.01791467987266972,0.4740604169569084,0.3119829164002778,[]
7,Wpb,13,0.11521754150615565,0.01047663858769784,0.5379217973962956,0.3363840225098502,[]
7,Wpb,14,0.06660625932216539,0.007667289362891545,0.5751266466275612,0.35059980468738117,"['Cough', 'Cough']"
7,Wpb,15,0.03839306048473492,0.00617767525518098,0.5966000940200132,0.3588291702400697,[]
7,Wpb,16,0.022032042132253113,0.005456263535505386,0.6089497211131512,0.3635619732190893,"['Cough', 'Cough']"
7,Wpb,17,0.012605960201570286,0.005081587806966262,0.6160263822228808,0.3662860697685817,[]
7,Wpb,18,0.007204162812736106,0.004879047925018196,0.6200730076970495,0.36784378156519637,[]
7,Wpb,19,0.00411443579084257,0.004766990194904412,0.6223848642314203,0.368733709782833,[]
8,Jyudawpc,0,0.0,1.0,0.0,0.0,"['Cough', 'Cough', 'Cough', 'Cough']"
8,Jyudawpc,1,0.0,1.0,0.0,0.0,[]
8,Jyudawpc,2,0.0,1.0,0.0,0.0,[]
8,Jyudawpc,3,0.0,1.0,0.0,0.0,[]
8,Jyudawpc,4,0.0,1.0,0.0,0.0,['Fatigue']
8,Jyudawpc,5,1.1888881755559835e-06,0.9999988111118244,0.0,0.0,"['Cough', 'Cough']"
8,Jyudawpc,6,0.00019008443397896085,0.9997852985468217,1.933994936169791e-05,5.27706983764367e-06,[]
8,Jyudawpc,7,0.029320723293641368,0.9667871477140946,0.0030577860385957918,0.0008343429536686821,[]
8,Jyudawpc,8,0.6282744098834838,0.17008541567298216,0.158415230188641,0.043224944254893566,"['Cough', 'Cough']"
8,Jyudawpc,9,0.4711604256482856,0.09190950924413852,0.3432020021750368,0.09372806293253952,[]
8,Jyudawpc,10,0.29038161016449704,0.004430054374036895,0.5502595658338223,0.15492876962764424,['Fatigue']
8,Jyudawpc,11,0.0905902202361525,0.0018870164804226698,0.7274146090604421,0.18010815422298374,[]
8,Jyudawpc,12,0.028101261270336072,0.0014483776483931157,0.7825112202898177,0.18793914079145363,[]
8,Jyudawpc,13,0.008706727294133756,0.0013344403597121252,0.7995919717339404,0.1903668606122142,[]
8,Jyudawpc,14,0.0026967582947025723,0.0013010072539425919,0.8048833063461837,0.19111892810517211,"['Cough', 'Cough']"
8,Jyudawpc,15,0.0008358931939654789,0.0012887982707605703,0.8065226783981555,0.19135263013711928,[]
8,Jyudawpc,16,0.00025908415726080385,0.0012850374738401131,0.8070308109742417,0.19142506739465773,"['Cough', 'Cough']"
8,Jyudawpc,17,8.024890936866583e-05,0.0012838743319085741,0.8071882636260188,0.19144761313270353,[]
8,Jyudawpc,18,2.4856251503280184e-05,0.0012835142750867825,0.8072370330221221,0.19145459645128712,[]
8,Jyudawpc,19,7.698951388131621e-06,0.0012834027719652397,0.8072521388175978,0.1914567594590481,[]
9,Ooxl,0,0.0,1.0,0.0,0.0,"['Cough', 'Cough', 'Cough', 'Cough']"
9,Ooxl,1,0.0,1.0,0.0,0.0,[]
9,Ooxl,2,0.0,1.0,0.0,0.0,[]
9,Ooxl,3,0.0,1.0,0.0,0.0,[]
9,Ooxl,4,0.0,1.0,0.0,0.0,['Fatigue']
9,Ooxl,5,0.0,1.0,0.0,0.0,"['Cough', 'Cough']"
9,Ooxl,6,0.0,1.0,0.0,0.0,[]
9,Ooxl,7,4.54822482784969e-06,0.9999954517751721,0.0,0.0,[]
9,Ooxl,8,0.000278406131676617,0.9996768502980341,3.3463333346815796e-05,1.1280236943195913e-05,"['Cough', 'Cough']"
9,Ooxl,9,0.01687047042498492,0.980349716805039,0.002078154988909762,0.0007016577810675001,[]
9,Ooxl,10,0.4331965596644263,0.1465827246940406,0.08128654339085156,0.3389341722506827,['Fatigue']
9,Ooxl,11,0.32772932734030363,0.0798369171648194,0.22777710802879525,0.36465664746608306,[]
9,Ooxl,12,0.12514186844771868,0.03307392309631946,0.4398835122714877,0.4019006961844751,[]
9,Ooxl,13,0.043610097237894725,0.024037673537498756,0.5169239066100245,0.41542832261458296,[]
9,Ooxl,14,0.01488490977786306,0.02153580318061137,0.5434867576895812,0.4200925293519448,"['Cough', 'Cough']"
9,Ooxl,15,0.005132779159071282,0.02058513559148532,0.5525868862795353,0.42169519896990787,[]
9,Ooxl,16,0.0017648727578548052,0.020267642509463002,0.5557204228137488,0.4222470619189329,"['Cough', 'Cough']"
9,Ooxl,17,0.0006057816010194241,0.020159697543739235,0.5567970112497928,0.42243750960544785,[]
9,Ooxl,18,0.00020786226394751186,0.02012278551572896,0.5571664832884671,0.42250286893185485,[]
9,Ooxl,19,7.131587917434145e-05,0.020110136234785893,0.5572932534140846,0.4225252944719539,[]
10,Tmoub,0,0.0,1.0,0.0,0.0,"['Cough', 'Cough', 'Cough', 'Cough']"
10,Tmoub,1,0.0,1.0,0.0,0.0,[]
10,Tmoub,2,0.0,1.0,0.0,0.0,[]
10,Tmoub,3,0.0,1.0,0.0,0.0,[]
10,Tmoub,4,0.0,1.0,0.0,0.0,['Fatigue']
10,Tmoub,5,1.4752569897676175e-06,0.9999985247430102,0.0,0.0,"['Cough', 'Cough']"
10,Tmoub,6,5.647737534261549e-05,0.9999379435587583,2.924434471971204e-06,2.654631427244514e-06,[]
10,Tmoub,7,0.002156953202917155,0.99762413479859,0.0001147492799485172,0.00010416271854424103,[]
10,Tmoub,8,0.07545381266052477,0.916525488429197,0.004204289536320876,0.003816409373956581,"['Cough', 'Cough']"
10,Tmoub,9,0.6343973317779416,0.23264104285508802,0.06964488447183684,0.06331674089513241,[]
10,Tmoub,10,0.5727129272780401,0.08305768341151988,0.15006996887060067,0.1941594204398383,['Fatigue']
10,Tmoub,11,0.3494916929617962,0.05207201106500232,0.3226661037575233,0.27577019221567745,[]
10,Tmoub,12,0.2227270993592532,0.019592480570768952,0.4307863774486679,0.32689404262130917,[]
10,Tmoub,13,0.13352135551090558,0.010744664567393746,0.4973607505232843,0.35837322939841554,[]
10,Tmoub,14,0.07854912055778346,0.0075258128873502425,0.5368701280205621,0.37705493853430305,"['Cough', 'Cough']"
10,Tmoub,15,0.04602487395836605,0.005857680805298102,0.5600631527013753,0.3880542925349591,[]
10,Tmoub,16,0.026837496825012186,0.0050600061228917755,0.5736192086964342,0.3944832883556602,"['Cough', 'Cough']"
10,Tmoub,17,0.015598996931110708,0.00464674382465514,0.5815114080268804,0.3982428512173521,[]
10,Tmoub,18,0.00905519169288436,0.004422411986996597,0.5860957349310726,0.400426661389045,[]
10,Tmoub,19,0.005252837736129805,0.0042972462960327844,0.5887559993119361,0.40169391665589965,[]
11,Axlqasr,0,0.0,1.0,0.0,0.0,"['Cough', 'Cough', 'Cough', 'Cough']"
11,Axlqasr,1,0.0,1.0,0.0,0.0,[]
11,Axlqasr,2,1.0052029303675826e-06,0.9999989947970697,0.0,0.0,[]
11,Axlqasr,3,0.00013574055108543976,0.999859289283513,0.0,4.970165401482075e-06,[]
11,Axlqasr,4,0.017997202737851593,0.9813326464365593,0.0,0.000670150825588872,['Fatigue']
11,Axlqasr,5,0.15954603677056914,0.8116430397309387,0.015777431356161338,0.013033492142330318,"['Cough', 'Cough']"
11,Axlqasr,6,0.7016352064246963,0.049715291379244915,0.13897300042778707,0.10967650176827061,[]
11,Axlqasr,7,0.4829873038353846,0.019453546396467267,0.2784597359304168,0.219099413837731,[]
11,Axlqasr,8,0.3291404504228921,0.002237231874452322,0.3743220019882713,0.2943003157143835,"['Cough', 'Cough']"
11,Axlqasr,9,0.2167369321383284,0.0005300511605182494,0.4382226650433016,0.3445103516578514,[]
11,Axlqasr,10,0.14211076559440283,0.00011142263468511118,0.48019372505320057,0.37758408671771065,['Fatigue']
11,Axlqasr,11,0.0746398231254967,6.994837323373076e-05,0.528121465585328,0.39716876291594055,[]
11,Axlqasr,12,0.03919804918749452,5.479079166541501e-05,0.5532926962453512,0.4074544637754885,[]
11,Axlqasr,13,0.020584416256016265,4.8199025159605306e-05,0.566511380173364,0.41285600454545945,[]
11,Axlqasr,14,0.010809452225933852,4.506232979225749e-05,0.5734529517710464,0.4156925336732263,"['Cough', 'Cough']"
11,Axlqasr,15,0.005673331999018966,4.319288281869001e-05,0.5770973089691482,0.4171861661490127,[]
11,Axlqasr,16,0.0029776219681490767,4.2243047894595566e-05,0.5790100399041057,0.41797009507984895,"['Cough', 'Cough']"
11,Axlqasr,17,0.0015614770675814534,4.1753108593049556e-05,0.580013554807979,0.4183832150158444,[]
11,Axlqasr,18,0.0008188433485566205,4.149846540553879e-05,0.5805398016024341,0.41859985658360194,[]
11,Axlqasr,19,0.00042940352550177216,4.1365553144639916e-05,0.5808157668935799,0.41871346402777154,[]
12,Rpfe,0,0.0,1.0,0.0,0.0,"['Cough', 'Cough', 'Cough', 'Cough']"
12,Rpfe,1,0.0,1.0,0.0,0.0,[]
12,Rpfe,2,1.0148400053989489e-06,0.9999989851599946,0.0,0.0,[]
12,Rpfe,3,7.378954263076475e-05,0.9999237986287748,0.0,2.4118285940906894e-06,[]
12,Rpfe,4,0.005336790784267063,0.9944858881712716,0.0,0.0001773210444608985,['Fatigue']
12,Rpfe,5,0.0325886765639751,0.9582274436806564,0.006823349877782802,0.0023605298775853842,"['Cough', 'Cough']"
12,Rpfe,6,0.5065139922234899,0.3558011660374855,0.10414954672307629,0.03353529501594805,[]
12,Rpfe,7,0.46534380799851593,0.25915288101914846,0.2085327922601604,0.06697051872217469,[]
12,Rpfe,8,0.41067202923986007,0.028478260692156206,0.42465319616840297,0.1361965138995804,"['Cough', 'Cough']"
12,Rpfe,9,0.24011374605818012,0.006427525087206826,0.5704767520332645,0.18298197682134876,[]
12,Rpfe,10,0.1341639088525092,0.0015747544439475372,0.6534655756103332,0.21079576109321035,['Fatigue']
12,Rpfe,11,0.04838623290597085,0.0011380266830737645,0.7273519933769327,0.2231237470340231,[]
12,Rpfe,12,0.017433843157657357,0.00101242119981982,0.7539860781734917,0.22756765746903165,[]
12,Rpfe,13,0.006279665519882005,0.0009706686197240362,0.7635810778694905,0.22916858799090414,[]
12,Rpfe,14,0.0022617066406544544,0.0009560577849420666,0.7670370216300411,0.22974521394436276,"['Cough', 'Cough']"
12,Rpfe,15,0.0008147952742494938,0.0009498135935263315,0.7682818564039056,0.22995353472831917,[]
12,Rpfe,16,0.0002935302134157976,0.0009475741583618503,0.7687303125911226,0.23002858303710078,"['Cough', 'Cough']"
12,Rpfe,17,0.00010567411945256964,0.0009467688927309692,0.7688918248260234,0.2300557321617947,[]
12,Rpfe,18,3.804376076593389e-05,0.0009464791569618128,0.7689499709470612,0.23006550613521226,[]
12,Rpfe,19,1.3696130271009794e-05,0.0009463748709922968,0.7689709041348867,0.2300690248638513,[]
13,Pajwdvp,0,0.0,1.0,0.0,0.0,"['Cough', 'Cough', 'Cough', 'Cough']"
13,Pajwdvp,1,0.0,1.0,0.0,0.0,[]
13,Pajwdvp,2,0.0,1.0,0.0,0.0,[]
13,Pajwdvp,3,0.0,1.0,0.0,0.0,[]
13,Pajwdvp,4,0.0,1.0,0.0,0.0,['Fatigue']
13,Pajwdvp,5,5.182501800919376e-06,0.9999948174981991,0.0,0.0,"['Cough', 'Cough']"
13,Pajwdvp,6,0.00043114582754717854,0.9995249778118822,2.9762959308950786e-05,1.4113401262072232e-05,[]
13,Pajwdvp,7,0.034461128988370386,0.9619157153334535,0.0024577205952392342,0.0011654350829367547,[]
13,Pajwdvp,8,0.6266649090043113,0.24229679565077286,0.08888812566739424,0.04215016967752124,"['Cough', 'Cough']"
13,Pajwdvp,9,0.5736486959524951,0.15315017487969754,0.1852717248232676,0.08792940434453914,[]
13,Pajwdvp,10,0.4218822477410753,0.02598876733028179,0.34305509621207425,0.20907388871656768,['Fatigue']
13,Pajwdvp,11,0.20877530696438337,0.007199789617950486,0.529017064526965,0.2550078388907003,[]
13,Pajwdvp,12,0.09968922247662956,0.0038726758964150987,0.619163453216255,0.2772746484106997,[]
13,Pajwdvp,13,0.047226121578861524,0.0028852067535110916,0.6620265328128321,0.2878621388547949,[]
13,Pajwdvp,14,0.022313761483760155,0.0025104317063114803,0.6823047915021051,0.292871015307823,"['Cough', 'Cough']"
13,Pajwdvp,15,0.010547537463842013,0.00232010183923969,0.6918873296764082,0.2952450310205099,[]
13,Pajwdvp,16,0.004982457673513256,0.0022352714382624208,0.6964154303817867,0.2963668405064373,"['Cough', 'Cough']"
13,Pajwdvp,17,0.002351330230556763,0.0021963043924709026,0.6985534779731103,0.29689888740386183,[]
13,Pajwdvp,18,0.0011094911597305983,0.002178153770143498,0.6995624002939838,0.29714995477614164,[]
13,Pajwdvp,19,0.0005234872654335432,0.002169641904991588,0.7000384519816115,0.297268418847963,[]
14,Wyy,0,0.0,1.0,0.0,0.0,"['Cough', 'Cough', 'Cough', 'Cough']"
14,Wyy,1,0.0,1.0,0.0,0.0,[]
14,Wyy,2,0.0,1.0,0.0,0.0,[]
14,Wyy,3,0.0,1.0,0.0,0.0,[]
14,Wyy,4,7.921670521879654e-06,0.9999920783294781,0.0,0.0,['Fatigue']
14,Wyy,5,0.00011744393428990984,0.9998651072014347,1.1073631488902596e-05,6.375232786387692e-06,"['Cough', 'Cough']"
14,Wyy,6,0.023047995303937484,0.9750767381373312,0.0011896347136162015,0.000685631845114904,[]
14,Wyy,7,0.7022891551169855,0.16705557367391932,0.08288500347343879,0.047770267735656013,[]
14,Wyy,8,0.6227416020529668,0.08747782863484323,0.1838307981474128,0.10594977116477684,"['Cough', 'Cough']"
14,Wyy,9,0.44389151345150035,0.03389096216202115,0.3311958573553712,0.1910216670311069,[]
14,Wyy,10,0.3093253516811939,0.0015246455778634709,0.4357497291883007,0.2534002735526415,['Fatigue']
14,Wyy,11,0.15519422382317444,0.0005025767894587835,0.5550783864815547,0.2892248129058118,[]
14,Wyy,12,0.07767303829068362,0.00028868344222541197,0.614864602865105,0.30717367540198565,[]
14,Wyy,13,0.03885021254894757,0.00021884027967945002,0.6447770381820216,0.31615390898935053,[]
14,Wyy,14,0.019427564190273933,0.00019055002928250174,0.659736796907478,0.32064508887296406,"['Cough', 'Cough']"
14,Wyy,15,0.009711097941428536,0.00017537423019934256,0.6672162729189247,0.3228972549094457,[]
14,Wyy,16,0.0048539001542838136,0.00016824942717729935,0.670954859269091,0.3240229911494465,"['Cough', 'Cough']"
14,Wyy,17,0.002424311175582303,0.00016479884435319914,0.6728229024575663,0.3245879875224974,[]
14,Wyy,18,0.001210819750654965,0.00016310212284046072,0.6737559016473738,0.3248701764791302,[]
14,Wyy,19,0.0006047382993232189,0.0001622612751308869,0.6742218854663732,0.32501111495917157,[]
15,Bob,0,0.0,1.0,0.0,0.0,"['Cough', 'Cough', 'Cough', 'Cough']"
15,Bob,1,0.0,1.0,0.0,0.0,[]
15,Bob,2,0.0,1.0,0.0,0.0,[]
15,Bob,3,0.0,1.0,0.0,0.0,[]
15,Bob,4,0.0,1.0,0.0,0.0,['Fatigue']
15,Bob,5,0.0,1.0,0.0,0.0,"['Cough', 'Cough']"
15,Bob,6,1.9084370091738566e-06,0.9999980915629908,0.0,0.0,[]
15,Bob,7,0.00039139398714725475,0.9995789793824585,1.8280390993441547e-05,1.1346239400393531e-05,[]
15,Bob,8,0.07380430570907495,0.9203349058649927,0.0036162568112426945,0.002244531614689422,"['Cough', 'Cough']"
15,Bob,9,0.7446476057599297,0.058757198657132984,0.1212306003352844,0.07536459524765261,[]
15,Bob,10,0.5216331502062016,0.011463967573978096,0.2832002045273926,0.18370267769242743,['Fatigue']
15,Bob,11,0.2741864330755415,0.006473022549771124,0.47396235579214185,0.24537818858254506,[]
15,Bob,12,0.14508079518721181,0.002363073450353463,0.5746307415585608,0.2779253898038738,[]
15,Bob,13,0.07597266456873987,0.0013926052311046004,0.6275877534314633,0.29504697676869274,[]
15,Bob,14,0.03966797378036912,0.0010566042016642238,0.6552763999485042,0.30399902206946317,"['Cough', 'Cough']"
15,Bob,15,0.020697344059047836,0.0008889503283272357,0.6697282915688015,0.3086854140438236,[]
15,Bob,16,0.01079171407243263,0.0008123764739274568,0.677266152909843,0.3111297565437971,"['Cough', 'Cough']"
15,Bob,17,0.005621003065808272,0.0007751279926746764,0.6811945559068135,0.31240931303470365,[]
15,Bob,18,0.0029273028737975162,0.0007564117704083761,0.6832405520009995,0.31307573335479427,[]
15,Bob,19,0.0015243554618801433,0.0007468453611262382,0.6843060217961043,0.31342277738088886,[]
16,Dtf,0,0.0,1.0,0.0,0.0,"['Cough', 'Cough', 'Cough', 'Cough']"
16,Dtf,1,0.0,1.0,0.0,0.0,[]
16,Dtf,2,1.191369717764514e-05,0.9999880863028223,0.0,0.0,[]
16,Dtf,3,0.0005352823851168958,0.9994439230460083,0.0,2.079456887495043e-05,[]
16,Dtf,4,0.023487838231024755,0.9755678601662006,0.0,0.0009443016027745603,['Fatigue']
16,Dtf,5,0.09001378431576913,0.8736400481583578,0.0276793464906335,0.008666821035239603,"['Cough', 'Cough']"
16,Dtf,6,0.49520145182787284,0.26115114599126915,0.1897213982024873,0.05392600397837077,[]
16,Dtf,7,0.42525940822146796,0.051007506561818315,0.4086571841363343,0.1150759010803793,[]
16,Dtf,8,0.23332613689192078,0.013400728945588719,0.5880827458948906,0.16519038826759957,"['Cough', 'Cough']"
16,Dtf,9,0.11922429751319769,0.00663427980030972,0.6825286544157453,0.1916127682707477,[]
16,Dtf,10,0.05997072338471531,0.0014412307496216455,0.7303803022859842,0.20820774357967994,['Fatigue']
16,Dtf,11,0.01767906417631908,0.0012793420594975177,0.7674417772569851,0.21359981650719942,[]
16,Dtf,12,0.005210066707151267,0.0012352121352492585,0.7783655982485453,0.21518912290905595,[]
16,Dtf,13,0.001535285734533704,0.0012225020314868577,0.7815847369306576,0.2156574753033234,[]
16,Dtf,14,0.0004524015559888588,0.0012187818661731139,0.7825333304331272,0.21579548614471292,"['Cough', 'Cough']"
16,Dtf,15,0.0001333575744020429,0.0012174694998363421,0.7828128920583867,0.21583628086737755,[]
16,Dtf,16,3.9310621660027744e-05,0.0012170829164175417,0.782895300267305,0.2158483061946198,"['Cough', 'Cough']"
16,Dtf,17,1.157971613774375e-05,0.0012169690118012577,0.7829195855016631,0.21585186577040058,[]
16,Dtf,18,3.411032015229392e-06,0.001216935461007683,0.7829267391937221,0.21585291431325682,[]
16,Dtf,19,1.0047861562139852e-06,0.0012169255781426505,0.7829288464536391,0.21585322318206376,[]
17,Rpvj,0,0.0,1.0,0.0,0.0,"['Cough', 'Cough', 'Cough', 'Cough']"
17,Rpvj,1,0.0,1.0,0.0,0.0,[]
17,Rpvj,2,0.0,1.0,0.0,0.0,[]
17,Rpvj,3,0.0,1.0,0.0,0.0,[]
17,Rpvj,4,0.0,1.0,0.0,0.0,['Fatigue']
17,Rpvj,5,1.2384038955232937e-06,0.9999987615961045,0.0,0.0,"['Cough', 'Cough']"
17,Rpvj,6,0.0001186720709497634,0.9998708178934816,5.461897525504135e-06,5.048138042683891e-06,[]
17,Rpvj,7,0.01123004411214887,0.9877584676808364,0.0005256542567460892,0.00048583395026872663,[]
17,Rpvj,8,0.4773886291359925,0.45910716032220555,0.033002123367424606,0.030502087174377353,"['Cough', 'Cough']"
17,Rpvj,9,0.6800177696942099,0.1801081422090678,0.07265917097135513,0.06721491712536698,[]
17,Rpvj,10,0.533612908140438,0.037208752630508456,0.20575367567176062,0.2234246635572921,['Fatigue']
17,Rpvj,11,0.2973785423519244,0.022141869362289762,0.3753868210487436,0.30509276723704154,[]
17,Rpvj,12,0.1693436280158282,0.00831826440217559,0.4711440324317441,0.35119407515025125,[]
17,Rpvj,13,0.09346664575522456,0.004815469660138315,0.524726898823473,0.3769909857611632,[]
17,Rpvj,14,0.05111514328718677,0.0035679277827285363,0.5541570869164862,0.3911598420135973,"['Cough', 'Cough']"
17,Rpvj,15,0.02790675670399619,0.0029316830632146163,0.5702370829033052,0.3989244773294826,[]
17,Rpvj,16,0.015201262708926204,0.002634040768866041,0.5790059490139,0.4031587475083065,"['Cough', 'Cough']"
17,Rpvj,17,0.008263785681276005,0.0024849963632342974,0.5837779351219784,0.40547328283351025,[]
17,Rpvj,18,0.004489877448065849,0.0024075735094922007,0.5863713793975055,0.4067311696449351,[]
17,Rpvj,19,0.002438720019937752,0.0023665333240634728,0.5877802424117852,0.4074145042442127,[]
18,Bvkg,0,0.0,1.0,0.0,0.0,"['Cough', 'Cough', 'Cough', 'Cough']"
18,Bvkg,1,0.0,1.0,0.0,0.0,[]
18,Bvkg,2,0.0,1.0,0.0,0.0,[]
18,Bvkg,3,0.0,1.0,0.0,0.0,[]
18,Bvkg,4,0.0,1.0,0.0,0.0,['Fatigue']
18,Bvkg,5,0.0,1.0,0.0,0.0,"['Cough', 'Cough']"
18,Bvkg,6,0.0,1.0,0.0,0.0,[]
18,Bvkg,7,0.0,1.0,0.0,0.0,[]
18,Bvkg,8,0.0,1.0,0.0,0.0,"['Cough', 'Cough']"
18,Bvkg,9,0.0,1.0,0.0,0.0,[]
18,Bvkg,10,0.0,0.51,0.0,0.49,['Fatigue']
18,Bvkg,11,3.6666568889149627e-06,0.5099963333431111,0.0,0.49,[]
18,Bvkg,12,1.552067289955267e-05,0.5099800350937285,3.0990031221774136e-06,0.49000134523025035,[]
18,Bvkg,13,6.56886014186187e-05,0.5099110563731614,1.6215934300788116e-05,0.49000703909112014,[]
18,Bvkg,14,0.00027785116458822133,0.5096193036432363,7.171485944656764e-05,0.49003113033273027,"['Cough', 'Cough']"
18,Bvkg,15,0.0017317361286476455,0.5077357449480934,0.00037105989646201776,0.4901614590267984,[]
18,Bvkg,16,0.010533632499096347,0.49628792524071175,0.0022144214099455647,0.4909640208502479,"['Cough', 'Cough']"
18,Bvkg,17,0.05578356355518915,0.43600159320106546,0.012675849894347568,0.4955389933493994,[]
18,Bvkg,18,0.172159715995182,0.2595098041100064,0.0545007143886705,0.5138297655061422,[]
18,Bvkg,19,0.2208959577795954,0.0970363666592103,0.13363225256604086,0.5484354229951546,[]
19,Ryex,0,0.0,1.0,0.0,0.0,"['Cough', 'Cough', 'Cough', 'Cough']"
19,Ryex,1,0.0,1.0,0.0,0.0,[]
19,Ryex,2,0.0,1.0,0.0,0.0,[]
19,Ryex,3,0.0,1.0,0.0,0.0,[]
19,Ryex,4,0.0,1.0,0.0,0.0,['Fatigue']
19,Ryex,5,0.0,1.0,0.0,0.0,"['Cough', 'Cough']"
19,Ryex,6,0.0,1.0,0.0,0.0,[]
19,Ryex,7,2.8307201068879914e-06,0.9999971692798931,0.0,0.0,[]
19,Ryex,8,0.00021028934477085515,0.9997621835785865,1.860488581440282e-05,8.922190827456195e-06,"['Cough', 'Cough']"
19,Ryex,9,0.015509900967191792,0.9824169901908248,0.0014004315445890671,0.0006726772973932156,[]
19,Ryex,10,0.4684346625617017,0.16960348824894755,0.06531216591166616,0.2966496832776841,['Fatigue']
19,Ryex,11,0.40090150963013393,0.08791647919956408,0.18470706098124903,0.32647495018905276,[]
19,Ryex,12,0.18862989791065113,0.02621415363020182,0.4039206649617742,0.38123528349737235,[]
19,Ryex,13,0.07889588462719083,0.015422506962287814,0.500356349872259,0.4053252585382617,[]
19,Ryex,14,0.032177865886865394,0.012394349506737224,0.5401595467604773,0.4152682378459197,"['Cough', 'Cough']"
19,Ryex,15,0.01313566545304325,0.011138231479955893,0.5563910780536971,0.4193350250133038,[]
19,Ryex,16,0.005340584330651741,0.010663910886889111,0.5630036973689958,0.42099180741346365,"['Cough', 'Cough']"
19,Ryex,17,0.002166092706071221,0.010477119801799401,0.565689148201536,0.4216676392905942,[]
19,Ryex,18,0.0008780033565301135,0.010402322000657703,0.5667780082438436,0.4219416663989696,[]
19,Ryex,19,0.00035580100570979466,0.010372160188442411,0.5672193120345724,0.42205272677127603,[]
