City id,City Name,turn,Infected,Healthy,Dead,Recovered,Actions
0,Hkblkg,0,0.0,1.0,0.0,0.0,"['Cough', 'Cough', 'Cough']"
0,Hkblkg,1,0.0,1.0,0.0,0.0,[]
0,Hkblkg,2,0.0,1.0,0.0,0.0,[]
0,Hkblkg,3,0.0,1.0,0.0,0.0,[]
0,Hkblkg,4,0.0,1.0,0.0,0.0,"['Fatigue', 'Fatigue', 'Cough']"
0,Hkblkg,5,0.0,1.0,0.0,0.0,[]
0,Hkblkg,6,0.0,1.0,0.0,0.0,[]
0,Hkblkg,7,0.0,1.0,0.0,0.0,"['Cough', 'Cough']"
0,Hkblkg,8,0.0,1.0,0.0,0.0,[]
0,Hkblkg,9,0.0,1.0,0.0,0.0,[]
0,Hkblkg,10,1.0110497628582782e-06,0.9999989889502371,0.0,0.0,"['Cough', 'Cough']"
0,Hkblkg,11,8.216363090844692e-05,0.999906974211835,8.230173981145924e-06,2.6319832752864966e-06,[]
0,Hkblkg,12,0.006623975980715587,0.9924858817898906,0.0006744540005198383,0.00021568822887400518,[]
0,Hkblkg,13,0.32175494705178376,0.6225477156431934,0.04220144907545419,0.013495888229568747,[]
0,Hkblkg,14,0.581295030297964,0.15643715663442107,0.11969749866704824,0.1425703144005669,['Death']
0,Hkblkg,15,0.24991722729923216,0.08780789724374567,0.46132263525103995,0.20095224020598218,[]
0,Hkblkg,16,0.11920647260061794,0.036524298841136046,0.6167545052893615,0.22751472326888517,[]
0,Hkblkg,17,0.05005038581976942,0.0247518284724117,0.6858713584384529,0.23932642726936623,"['Cough', 'Cough']"
0,Hkblkg,18,0.020386370328240352,0.020890199109953808,0.7144344305223264,0.24428900003947981,[]
0,Hkblkg,19,0.008201408601464063,0.019504771914654592,0.7259960872384197,0.24629773224546261,['Cough']
1,Mabmp,0,0.0,1.0,0.0,0.0,"['Cough', 'Cough', 'Cough']"
1,Mabmp,1,0.0,1.0,0.0,0.0,[]
1,Mabmp,2,0.0,1.0,0.0,0.0,[]
1,Mabmp,3,0.0,1.0,0.0,0.0,[]
1,Mabmp,4,0.0,1.0,0.0,0.0,"['Fatigue', 'Fatigue', 'Cough']"
1,Mabmp,5,0.0,1.0,0.0,0.0,[]
1,Mabmp,6,0.0,1.0,0.0,0.0,[]
1,Mabmp,7,0.0,1.0,0.0,0.0,"['Cough', 'Cough']"
1,Mabmp,8,0.0,1.0,0.0,0.0,[]
1,Mabmp,9,0.0,1.0,0.0,0.0,[]
1,Mabmp,10,0.0,1.0,0.0,0.0,"['Cough', 'Cough']"
1,Mabmp,11,7.863242486671804e-06,0.9999921367575133,0.0,0.0,[]
1,Mabmp,12,0.0001803031930648429,0.9997538114294373,5.559761411172586e-05,1.028776338634168e-05,[]
1,Mabmp,13,0.0041055711333529265,0.9943229760635552,0.0013260761318957537,0.0002453766711967858,[]
1,Mabmp,14,0.08054130527813042,0.5050480614138166,0.028192697184300133,0.38621793612375405,['Death']
1,Mabmp,15,0.05842467970447662,0.3735848608475565,0.1679527083650517,0.40003775108291656,[]
1,Mabmp,16,0.028552542523820272,0.31256402480320133,0.25066671627522147,0.4082167163977582,[]
1,Mabmp,17,0.011789978172736519,0.288533919589013,0.287788674919329,0.41188742731892264,"['Cough', 'Cough']"
1,Mabmp,18,0.004853504027817966,0.2787020292700629,0.3030253109675273,0.41341915573459304,[]
1,Mabmp,19,0.00194165037089589,0.27480836747706333,0.30920916761343165,0.4140408145386098,['Cough']
2,Avyqull,0,0.0,1.0,0.0,0.0,"['Cough', 'Cough', 'Cough']"
2,Avyqull,1,0.0,1.0,0.0,0.0,[]
2,Avyqull,2,0.0,1.0,0.0,0.0,[]
2,Avyqull,3,0.0,1.0,0.0,0.0,[]
2,Avyqull,4,0.0,1.0,0.0,0.0,"['Fatigue', 'Fatigue', 'Cough']"
2,Avyqull,5,0.0,1.0,0.0,0.0,[]
2,Avyqull,6,0.0,1.0,0.0,0.0,[]
2,Avyqull,7,0.0,1.0,0.0,0.0,"['Cough', 'Cough']"
2,Avyqull,8,0.0,1.0,0.0,0.0,[]
2,Avyqull,9,0.0,1.0,0.0,0.0,[]
2,Avyqull,10,1.4597005862157554e-06,0.9999985402994138,0.0,0.0,"['Cough', 'Cough']"
2,Avyqull,11,7.934200023090763e-05,0.9998973282951649,2.0326234145251e-05,3.0034704589726648e-06,[]
2,Avyqull,12,0.004283732828850736,0.9944290216499404,0.0011215252962003823,0.00016572022500859659,[]
2,Avyqull,13,0.16859945445804828,0.7718507303216781,0.05188336106298474,0.007666454157288904,[]
2,Avyqull,14,0.431562798073862,0.10497464272052132,0.27218286298951067,0.19127969621610613,['Death']
2,Avyqull,15,0.06485921027646305,0.03816535117846482,0.6739696502275804,0.22300578831749227,[]
2,Avyqull,16,0.008696060499940424,0.033110052205349245,0.7307079041874016,0.22748598310730897,[]
2,Avyqull,17,0.0011533922946200387,0.03248908017460002,0.7382740987318767,0.22808342879890353,"['Cough', 'Cough']"
2,Avyqull,18,0.00015378328558343995,0.0324029048190714,0.7392791962908447,0.22816411560450067,[]
2,Avyqull,19,2.04999764183274e-05,0.03239143354976339,0.7394131938673628,0.2281748726064559,['Cough']
3,Gsjna,0,0.0,1.0,0.0,0.0,"['Cough', 'Cough', 'Cough']"
3,Gsjna,1,0.0,1.0,0.0,0.0,[]
3,Gsjna,2,0.0,1.0,0.0,0.0,[]
3,Gsjna,3,0.0,1.0,0.0,0.0,[]
3,Gsjna,4,0.0,1.0,0.0,0.0,"['Fatigue', 'Fatigue', 'Cough']"
3,Gsjna,5,0.0,1.0,0.0,0.0,[]
3,Gsjna,6,0.0,1.0,0.0,0.0,[]
3,Gsjna,7,0.0,1.0,0.0,0.0,"['Cough', 'Cough']"
3,Gsjna,8,0.0,1.0,0.0,0.0,[]
3,Gsjna,9,0.0,1.0,0.0,0.0,[]
3,Gsjna,10,0.0,1.0,0.0,0.0,"['Cough', 'Cough']"
3,Gsjna,11,0.0,1.0,0.0,0.0,[]
3,Gsjna,12,0.0,1.0,0.0,0.0,[]
3,Gsjna,13,1.212332819304218e-06,0.9999987876671806,0.0,0.0,[]
3,Gsjna,14,5.0442360596438433e-05,0.4499714740950018,1.0340775558888782e-05,0.5499677427688426,['Death']
3,Gsjna,15,7.06709507496786e-05,0.4498490152599253,0.00010043031305490815,0.5499798834762696,[]
3,Gsjna,16,9.894652555181302e-05,0.44967755933831977,0.00022660678100501993,0.549996887355123,[]
3,Gsjna,17,0.00013840762849766546,0.4494377225774101,0.0004031861324979927,0.5500206836615946,"['Cough', 'Cough']"
3,Gsjna,18,0.0002160012748933652,0.44906257827942825,0.0006648825254671844,0.5500565379202117,[]
3,Gsjna,19,0.00033633732165142644,0.4484783967768237,0.0010728355312600926,0.5501124303702655,['Cough']
4,Puy,0,0.0,1.0,0.0,0.0,"['Cough', 'Cough', 'Cough']"
4,Puy,1,0.0,1.0,0.0,0.0,[]
4,Puy,2,0.0,1.0,0.0,0.0,[]
4,Puy,3,0.0,1.0,0.0,0.0,[]
4,Puy,4,0.0,1.0,0.0,0.0,"['Fatigue', 'Fatigue', 'Cough']"
4,Puy,5,0.0,1.0,0.0,0.0,[]
4,Puy,6,0.0,1.0,0.0,0.0,[]
4,Puy,7,0.0,1.0,0.0,0.0,"['Cough', 'Cough']"
4,Puy,8,0.0,1.0,0.0,0.0,[]
4,Puy,9,0.0,1.0,0.0,0.0,[]
4,Puy,10,1.0012816404998398e-05,0.999989987183595,0.0,0.0,"['Cough', 'Cough']"
4,Puy,11,0.000687377195242095,0.9992220890713662,5.959305086782343e-05,3.09406825237843e-05,[]
4,Puy,12,0.044659846337637255,0.9492003679937915,0.004041461077077938,0.0020983245914938833,[]
4,Puy,13,0.5981567435581749,0.23057976979560266,0.11273271618394604,0.05853077046227672,[]
4,Puy,14,0.49658877506122384,0.08230315435078443,0.23796034256330434,0.1831477280246876,['Death']
4,Puy,15,0.23476323120225806,0.0153105173187833,0.49536182067187723,0.25456443080708185,[]
4,Puy,16,0.09826396530661947,0.007338900801542351,0.6084547724544183,0.28594236143742013,[]
4,Puy,17,0.040343402473823446,0.005415589620530936,0.6553010313357207,0.2989399765699246,"['Cough', 'Cough']"
4,Puy,18,0.0164398595505805,0.004749794498771739,0.6744647844013345,0.30434556154931275,[]
4,Puy,19,0.0066852645397382955,0.004502909172891152,0.6822658044822372,0.3065460218051327,['Cough']
5,Cvddwf,0,0.0,1.0,0.0,0.0,"['Cough', 'Cough', 'Cough']"
5,Cvddwf,1,0.0,1.0,0.0,0.0,[]
5,Cvddwf,2,0.0,1.0,0.0,0.0,[]
5,Cvddwf,3,0.0,1.0,0.0,0.0,[]
5,Cvddwf,4,0.0,1.0,0.0,0.0,"['Fatigue', 'Fatigue', 'Cough']"
5,Cvddwf,5,0.0,1.0,0.0,0.0,[]
5,Cvddwf,6,0.0,1.0,0.0,0.0,[]
5,Cvddwf,7,0.0,1.0,0.0,0.0,"['Cough', 'Cough']"
5,Cvddwf,8,0.0,1.0,0.0,0.0,[]
5,Cvddwf,9,0.0,1.0,0.0,0.0,[]
5,Cvddwf,10,0.0,1.0,0.0,0.0,"['Cough', 'Cough']"
5,Cvddwf,11,0.0,1.0,0.0,0.0,[]
5,Cvddwf,12,0.0,1.0,0.0,0.0,[]
5,Cvddwf,13,0.0,1.0,0.0,0.0,[]
5,Cvddwf,14,0.0,0.51,0.0,0.49,['Death']
5,Cvddwf,15,0.0,0.51,0.0,0.49,[]
5,Cvddwf,16,1.2999049769461852e-06,0.509998700095023,0.0,0.49,[]
5,Cvddwf,17,3.347401169500056e-06,0.509993394618892,2.9320650954186824e-06,0.4900003259148425,"['Cough', 'Cough']"
5,Cvddwf,18,9.85907836019669e-06,0.5099778008610403,1.1092017116653335e-05,0.4900012480434822,[]
5,Cvddwf,19,2.9033786595633783e-05,0.5099318786249807,3.512379484195749e-05,0.4900039637935799,['Cough']
6,Ssuqrktd,0,0.0,1.0,0.0,0.0,"['Cough', 'Cough', 'Cough']"
6,Ssuqrktd,1,0.0,1.0,0.0,0.0,[]
6,Ssuqrktd,2,0.0,1.0,0.0,0.0,[]
6,Ssuqrktd,3,0.0,1.0,0.0,0.0,[]
6,Ssuqrktd,4,0.0,1.0,0.0,0.0,"['Fatigue', 'Fatigue', 'Cough']"
6,Ssuqrktd,5,3.2249637997813474e-06,0.9999967750362002,0.0,0.0,[]
6,Ssuqrktd,6,4.911732899163834e-05,0.9999306718186958,1.7685246903269962e-05,2.5256054102041065e-06,[]
6,Ssuqrktd,7,0.0007470889452526084,0.9989250814681218,0.00028686307196601756,4.096651466093951e-05,"['Cough', 'Cough']"
6,Ssuqrktd,8,0.013510453490169423,0.9808492919275918,0.00493465467024752,0.0007055999119927104,[]
6,Ssuqrktd,9,0.16960105498545505,0.7448280462605141,0.07486523754598694,0.01070566120804539,[]
6,Ssuqrktd,10,0.349966391738109,0.2608903459950589,0.3404578965991196,0.04868536566771404,"['Cough', 'Cough']"
6,Ssuqrktd,11,0.19051558328041845,0.08002122328360439,0.6381262463074538,0.09133694712852533,[]
6,Ssuqrktd,12,0.0722790873668766,0.047485728047226554,0.7700023008002181,0.11023288378568036,[]
6,Ssuqrktd,13,0.025472863450759102,0.039263633953320845,0.8181340354094607,0.1171294671864609,[]
6,Ssuqrktd,14,0.00879614340025162,0.015800686591087198,0.8349229913865991,0.14048017862206347,['Death']
6,Ssuqrktd,15,0.0010565802435502608,0.015570436469360453,0.8423259614393471,0.14104702184774384,[]
6,Ssuqrktd,16,0.00012686532854756284,0.015543013519099152,0.8432150240441229,0.14111509710823153,[]
6,Ssuqrktd,17,1.5232217287500661e-05,0.015539724159973437,0.8433217727943044,0.1411232708284355,"['Cough', 'Cough']"
6,Ssuqrktd,18,1.8305650030252269e-06,0.015539306971041956,0.8433345936007199,0.14112426886323606,[]
6,Ssuqrktd,19,2.1999198477419354e-07,0.01553925683523078,0.8433361343685801,0.14112438880420508,['Cough']
7,Wpb,0,0.0,1.0,0.0,0.0,"['Cough', 'Cough', 'Cough']"
7,Wpb,1,0.0,1.0,0.0,0.0,[]
7,Wpb,2,0.0,1.0,0.0,0.0,[]
7,Wpb,3,0.0,1.0,0.0,0.0,[]
7,Wpb,4,0.0,1.0,0.0,0.0,"['Fatigue', 'Fatigue', 'Cough']"
7,Wpb,5,0.0,1.0,0.0,0.0,[]
7,Wpb,6,0.0,1.0,0.0,0.0,[]
7,Wpb,7,0.0,1.0,0.0,0.0,"['Cough', 'Cough']"
7,Wpb,8,0.0,1.0,0.0,0.0,[]
7,Wpb,9,4.989820765638099e-06,0.9999950101792343,0.0,0.0,[]
7,Wpb,10,0.00017169933872088168,0.9998015771125187,1.9346204865117913e-05,7.377343895100054e-06,"['Cough', 'Cough']"
7,Wpb,11,0.005970965044383715,0.9930732783235565,0.0006915381801099226,0.0002642184519497465,[]
7,Wpb,12,0.16508793742654299,0.8051443108737941,0.02153814980609571,0.008229601893567154,[]
7,Wpb,13,0.5691533695522631,0.22969189227625308,0.1455433752805197,0.05561136289096383,[]
7,Wpb,14,0.3950817394721449,0.06488883531064626,0.3473944246276832,0.19263500058952543,['Death']
7,Wpb,15,0.176473628369284,0.0215037717372003,0.5649631402273758,0.23705945966613962,[]
7,Wpb,16,0.07271384252141543,0.013442186488439709,0.6578236970573335,0.25602027393281107,[]
7,Wpb,17,0.02941910647059473,0.011099853622038094,0.6957223884271461,0.263758651480221,"['Cough', 'Cough']"
7,Wpb,18,0.011828704124090563,0.010230956728883979,0.7110084979306558,0.2669318412163692,[]
7,Wpb,19,0.004744825835477362,0.009901542001745364,0.7171474313402693,0.2682062008225077,['Cough']
8,Jyudawpc,0,0.0,1.0,0.0,0.0,"['Cough', 'Cough', 'Cough']"
8,Jyudawpc,1,0.0,1.0,0.0,0.0,[]
8,Jyudawpc,2,0.0,1.0,0.0,0.0,[]
8,Jyudawpc,3,0.0,1.0,0.0,0.0,[]
8,Jyudawpc,4,0.0,1.0,0.0,0.0,"['Fatigue', 'Fatigue', 'Cough']"
8,Jyudawpc,5,0.0,1.0,0.0,0.0,[]
8,Jyudawpc,6,0.0,1.0,0.0,0.0,[]
8,Jyudawpc,7,0.0,1.0,0.0,0.0,"['Cough', 'Cough']"
8,Jyudawpc,8,0.0,1.0,0.0,0.0,[]
8,Jyudawpc,9,0.0,1.0,0.0,0.0,[]
8,Jyudawpc,10,0.0,1.0,0.0,0.0,"['Cough', 'Cough']"
8,Jyudawpc,11,0.0,1.0,0.0,0.0,[]
8,Jyudawpc,12,0.0,1.0,0.0,0.0,[]
8,Jyudawpc,13,1.1888881755559835e-06,0.9999988111118244,0.0,0.0,[]
8,Jyudawpc,14,0.00012033238268102482,0.48992656116353517,2.5866358806096203e-05,0.5099272400949784,['Death']
8,Jyudawpc,15,0.00023110930397562021,0.48946365228575567,0.0003531407757970586,0.5099520976344725,[]
8,Jyudawpc,16,0.0004422682221699221,0.48857739822242774,0.0009805799103832762,0.5099997536450208,[]
8,Jyudawpc,17,0.0008405511870780226,0.48689159761160156,0.002177209694114359,0.510090641507208,"['Cough', 'Cough']"
8,Jyudawpc,18,0.0018280214632595642,0.4832618644535003,0.004630067413810215,0.510280046669432,[]
8,Jyudawpc,19,0.0038517620788074787,0.4755811680698687,0.009881515981123492,0.5106855538702021,['Cough']
9,Ooxl,0,0.0,1.0,0.0,0.0,"['Cough', 'Cough', 'Cough']"
9,Ooxl,1,0.0,1.0,0.0,0.0,[]
9,Ooxl,2,0.0,1.0,0.0,0.0,[]
9,Ooxl,3,0.0,1.0,0.0,0.0,[]
9,Ooxl,4,0.0,1.0,0.0,0.0,"['Fatigue', 'Fatigue', 'Cough']"
9,Ooxl,5,0.0,1.0,0.0,0.0,[]
9,Ooxl,6,0.0,1.0,0.0,0.0,[]
9,Ooxl,7,4.54822482784969e-06,0.9999954517751721,0.0,0.0,"['Cough', 'Cough']"
9,Ooxl,8,0.00017449771914804048,0.9997723800085835,4.5201166971111704e-05,7.921105297479867e-06,[]
9,Ooxl,9,0.006624855933697874,0.9912944038611912,0.0017704793379162904,0.00031026086719420954,[]
9,Ooxl,10,0.17852027620377936,0.7545842268463568,0.056920654898906624,0.009974842050956539,"['Cough', 'Cough']"
9,Ooxl,11,0.4221379885147992,0.25724668133535455,0.2727438100848443,0.04787152006500149,[]
9,Ooxl,12,0.231496782723119,0.04666339819576217,0.6140396955774046,0.10780012350371458,[]
9,Ooxl,13,0.08407408524793175,0.022573347318288275,0.7599345672444002,0.13341800018938002,[]
9,Ooxl,14,0.028795170265617055,0.005598088121523509,0.8112774400873317,0.15432930152552812,['Death']
9,Ooxl,15,0.003771883287124623,0.00528408788533112,0.8344411929140555,0.15650283591348946,[]
9,Ooxl,16,0.00049376751203277,0.005244308929483494,0.8374744652924818,0.15678745826600213,[]
9,Ooxl,17,6.463258618559684e-05,0.005239124216798618,0.8378715272458592,0.15682471595115668,"['Cough', 'Cough']"
9,Ooxl,18,8.44677028933815e-06,0.005238408245769722,0.837923473553648,0.15682967143029317,[]
9,Ooxl,19,1.1038985486816988e-06,0.005238314683581448,0.8379302623612865,0.15683031905658368,['Cough']
10,Tmoub,0,0.0,1.0,0.0,0.0,"['Cough', 'Cough', 'Cough']"
10,Tmoub,1,0.0,1.0,0.0,0.0,[]
10,Tmoub,2,0.0,1.0,0.0,0.0,[]
10,Tmoub,3,0.0,1.0,0.0,0.0,[]
10,Tmoub,4,0.0,1.0,0.0,0.0,"['Fatigue', 'Fatigue', 'Cough']"
10,Tmoub,5,0.0,1.0,0.0,0.0,[]
10,Tmoub,6,0.0,1.0,0.0,0.0,[]
10,Tmoub,7,0.0,1.0,0.0,0.0,"['Cough', 'Cough']"
10,Tmoub,8,0.0,1.0,0.0,0.0,[]
10,Tmoub,9,0.0,1.0,0.0,0.0,[]
10,Tmoub,10,0.0,1.0,0.0,0.0,"['Cough', 'Cough']"
10,Tmoub,11,1.4752569897676175e-06,0.9999985247430102,0.0,0.0,[]
10,Tmoub,12,4.775848690463941e-05,0.9999449218069341,4.969782326368247e-06,2.3499238350763802e-06,[]
10,Tmoub,13,0.0015431821026357952,0.9982127558789654,0.0001657081689920119,7.835384940606754e-05,[]
10,Tmoub,14,0.047002350583903306,0.5577409059302483,0.0052103877569159435,0.390046355728932,['Death']
10,Tmoub,15,0.1272726031315456,0.40180491686516706,0.06561347163750504,0.40530900836578193,[]
10,Tmoub,16,0.1701892614260593,0.2183286334113948,0.1778205976034571,0.4336615075590878,[]
10,Tmoub,17,0.13028983108660677,0.1196731304191936,0.2884274012281393,0.4616096372660597,"['Cough', 'Cough']"
10,Tmoub,18,0.0783583896929954,0.07810516941883236,0.36281699039842524,0.480719450489747,[]
10,Tmoub,19,0.042112535396435974,0.06133321084508945,0.4049987928179787,0.4915554609404961,['Cough']
11,Axlqasr,0,0.0,1.0,0.0,0.0,"['Cough', 'Cough', 'Cough']"
11,Axlqasr,1,0.0,1.0,0.0,0.0,[]
11,Axlqasr,2,0.0,1.0,0.0,0.0,[]
11,Axlqasr,3,0.0,1.0,0.0,0.0,[]
11,Axlqasr,4,0.0,1.0,0.0,0.0,"['Fatigue', 'Fatigue', 'Cough']"
11,Axlqasr,5,0.0,1.0,0.0,0.0,[]
11,Axlqasr,6,0.0,1.0,0.0,0.0,[]
11,Axlqasr,7,0.0,1.0,0.0,0.0,"['Cough', 'Cough']"
11,Axlqasr,8,0.0,1.0,0.0,0.0,[]
11,Axlqasr,9,0.0,1.0,0.0,0.0,[]
11,Axlqasr,10,1.0052029303675826e-06,0.9999989947970697,0.0,0.0,"['Cough', 'Cough']"
11,Axlqasr,11,9.513810448239644e-05,0.9998918746526154,9.219773757139608e-06,3.767469145211976e-06,[]
11,Axlqasr,12,0.008907196845166306,0.9898571340293268,0.0008772138830016211,0.00035845524250537774,[]
11,Axlqasr,13,0.40588664436092103,0.5138873335110654,0.05695325628518394,0.023272765842830157,[]
11,Axlqasr,14,0.6023886911723089,0.1126189812436662,0.13421391127083368,0.1507784163131917,['Death']
11,Axlqasr,15,0.23783456177467643,0.061874284978314896,0.47507947416747187,0.2252116790795375,[]
11,Axlqasr,16,0.10164215999746033,0.02718698326013664,0.6153327152561808,0.2558381414862228,[]
11,Axlqasr,17,0.03976675775533735,0.019465791247266034,0.6724556368983164,0.26831181409908134,"['Cough', 'Cough']"
11,Axlqasr,18,0.0152340579346248,0.016983685480111248,0.6945626390833062,0.2732196175019591,[]
11,Axlqasr,19,0.005788397924719118,0.016122829876548006,0.7029967609741894,0.27509201122454485,['Cough']
12,Rpfe,0,0.0,1.0,0.0,0.0,"['Cough', 'Cough', 'Cough']"
12,Rpfe,1,0.0,1.0,0.0,0.0,[]
12,Rpfe,2,0.0,1.0,0.0,0.0,[]
12,Rpfe,3,0.0,1.0,0.0,0.0,[]
12,Rpfe,4,0.0,1.0,0.0,0.0,"['Fatigue', 'Fatigue', 'Cough']"
12,Rpfe,5,0.0,1.0,0.0,0.0,[]
12,Rpfe,6,0.0,1.0,0.0,0.0,[]
12,Rpfe,7,0.0,1.0,0.0,0.0,"['Cough', 'Cough']"
12,Rpfe,8,0.0,1.0,0.0,0.0,[]
12,Rpfe,9,0.0,1.0,0.0,0.0,[]
12,Rpfe,10,0.0,1.0,0.0,0.0,"['Cough', 'Cough']"
12,Rpfe,11,1.0148400053989489e-06,0.9999989851599946,0.0,0.0,[]
12,Rpfe,12,3.4137245844388773e-05,0.9999564236063864,8.089423407896777e-06,1.3497243614768342e-06,[]
12,Rpfe,13,0.0011463348456411844,0.998526979627462,0.00027997204968824285,4.671347720876345e-05,[]
12,Rpfe,14,0.03638255774812385,0.5431698435206831,0.00915960715758665,0.4112879915736065,['Death']
12,Rpfe,15,0.05246275389215347,0.4455411447566394,0.08403227871483088,0.4179638226363764,[]
12,Rpfe,16,0.049378805952456965,0.35414006025931677,0.1707824528252785,0.4256986809629479,[]
12,Rpfe,17,0.033358215856542896,0.29512413873585036,0.23967622657680743,0.4318414188307993,"['Cough', 'Cough']"
12,Rpfe,18,0.019718644358976904,0.261415476858124,0.2830891876305899,0.4357766911523094,[]
12,Rpfe,19,0.010397949996259193,0.24430955845556301,0.3073193949472814,0.4379730966008965,['Cough']
13,Pajwdvp,0,0.0,1.0,0.0,0.0,"['Cough', 'Cough', 'Cough']"
13,Pajwdvp,1,0.0,1.0,0.0,0.0,[]
13,Pajwdvp,2,0.0,1.0,0.0,0.0,[]
13,Pajwdvp,3,0.0,1.0,0.0,0.0,[]
13,Pajwdvp,4,0.0,1.0,0.0,0.0,"['Fatigue', 'Fatigue', 'Cough']"
13,Pajwdvp,5,0.0,1.0,0.0,0.0,[]
13,Pajwdvp,6,0.0,1.0,0.0,0.0,[]
13,Pajwdvp,7,0.0,1.0,0.0,0.0,"['Cough', 'Cough']"
13,Pajwdvp,8,0.0,1.0,0.0,0.0,[]
13,Pajwdvp,9,0.0,1.0,0.0,0.0,[]
13,Pajwdvp,10,0.0,1.0,0.0,0.0,"['Cough', 'Cough']"
13,Pajwdvp,11,0.0,1.0,0.0,0.0,[]
13,Pajwdvp,12,0.0,1.0,0.0,0.0,[]
13,Pajwdvp,13,5.182501800919376e-06,0.9999948174981991,0.0,0.0,[]
13,Pajwdvp,14,0.0003293501113916867,0.35986056252341114,4.6492282640959236e-05,0.6397635950825562,['Death']
13,Pajwdvp,15,0.0004932584857245635,0.35917110507697453,0.0005107594666930104,0.6398248769706077,[]
13,Pajwdvp,16,0.0007357979331597252,0.3581430187783084,0.0012047072708477608,0.6399164760176834,[]
13,Pajwdvp,17,0.001091104770334669,0.3566193420914391,0.0022368388240018,0.6400527143142234,"['Cough', 'Cough']"
13,Pajwdvp,18,0.0017568959641419682,0.3541392198592966,0.003836502418517259,0.6402673817580434,[]
13,Pajwdvp,19,0.002785002448771715,0.35021226353331025,0.006392367064607608,0.64061036695331,['Cough']
14,Wyy,0,0.0,1.0,0.0,0.0,"['Cough', 'Cough', 'Cough']"
14,Wyy,1,0.0,1.0,0.0,0.0,[]
14,Wyy,2,0.0,1.0,0.0,0.0,[]
14,Wyy,3,0.0,1.0,0.0,0.0,[]
14,Wyy,4,0.0,1.0,0.0,0.0,"['Fatigue', 'Fatigue', 'Cough']"
14,Wyy,5,0.0,1.0,0.0,0.0,[]
14,Wyy,6,0.0,1.0,0.0,0.0,[]
14,Wyy,7,0.0,1.0,0.0,0.0,"['Cough', 'Cough']"
14,Wyy,8,0.0,1.0,0.0,0.0,[]
14,Wyy,9,0.0,1.0,0.0,0.0,[]
14,Wyy,10,0.0,1.0,0.0,0.0,"['Cough', 'Cough']"
14,Wyy,11,7.921670521879654e-06,0.9999920783294781,0.0,0.0,[]
14,Wyy,12,0.001264998178429566,0.9985678560913667,0.00012855214064974861,3.8593589554296774e-05,[]
14,Wyy,13,0.16206766495314734,0.8138329392466029,0.018534897150562668,0.005564498649687164,[]
14,Wyy,14,0.597532913871416,0.0999435016259238,0.13077838985632503,0.1717451946463354,['Death']
14,Wyy,15,0.21253519192029743,0.05358683371819409,0.5024972659180073,0.23138070844350117,[]
14,Wyy,16,0.08041702567550038,0.024654775983614867,0.6412820091698043,0.25364618917108,[]
14,Wyy,17,0.028089673646869585,0.018623020375148677,0.6915728660819663,0.26171443989601445,"['Cough', 'Cough']"
14,Wyy,18,0.009649269667249508,0.016808560724876364,0.7089873616362214,0.26455480797165204,[]
14,Wyy,19,0.0032933612018719196,0.016229017309036066,0.7149502453247577,0.2655273761643332,['Cough']
15,Bob,0,0.0,1.0,0.0,0.0,"['Cough', 'Cough', 'Cough']"
15,Bob,1,0.0,1.0,0.0,0.0,[]
15,Bob,2,0.0,1.0,0.0,0.0,[]
15,Bob,3,0.0,1.0,0.0,0.0,[]
15,Bob,4,0.0,1.0,0.0,0.0,"['Fatigue', 'Fatigue', 'Cough']"
15,Bob,5,0.0,1.0,0.0,0.0,[]
15,Bob,6,0.0,1.0,0.0,0.0,[]
15,Bob,7,0.0,1.0,0.0,0.0,"['Cough', 'Cough']"
15,Bob,8,0.0,1.0,0.0,0.0,[]
15,Bob,9,0.0,1.0,0.0,0.0,[]
15,Bob,10,0.0,1.0,0.0,0.0,"['Cough', 'Cough']"
15,Bob,11,0.0,1.0,0.0,0.0,[]
15,Bob,12,1.9084370091738566e-06,0.9999980915629908,0.0,0.0,[]
15,Bob,13,0.0003163246447761272,0.9996444758023618,2.962232722602152e-05,9.577225635726649e-06,[]
15,Bob,14,0.049348616716039066,0.5665827816896498,0.00479611135115113,0.37927249024315945,['Death']
15,Bob,15,0.19610552437475823,0.28815375693574513,0.11707031501835972,0.3986704036711365,[]
15,Bob,16,0.17146434425670967,0.09303784780758458,0.30445282803366774,0.4310449799020372,[]
15,Bob,17,0.08223266897216494,0.04628879013136195,0.42040090302525407,0.4510776378712183,"['Cough', 'Cough']"
15,Bob,18,0.03442635951043859,0.033346253017428426,0.4720734597246267,0.46015392774750574,[]
15,Bob,19,0.013767136374572178,0.02916539654497176,0.4932022628925915,0.4638652041878643,['Cough']
16,Dtf,0,0.0,1.0,0.0,0.0,"['Cough', 'Cough', 'Cough']"
16,Dtf,1,0.0,1.0,0.0,0.0,[]
16,Dtf,2,0.0,1.0,0.0,0.0,[]
16,Dtf,3,0.0,1.0,0.0,0.0,[]
16,Dtf,4,0.0,1.0,0.0,0.0,"['Fatigue', 'Fatigue', 'Cough']"
16,Dtf,5,0.0,1.0,0.0,0.0,[]
16,Dtf,6,1.191369717764514e-05,0.9999880863028223,0.0,0.0,[]
16,Dtf,7,0.0001650607853556364,0.999764894067162,6.117449895958003e-05,8.870648522716116e-06,"['Cough', 'Cough']"
16,Dtf,8,0.0027583674073266918,0.9960641574421922,0.0010281935107182946,0.00014928163976316892,[]
16,Dtf,9,0.04263085105444199,0.9383867854077278,0.01657560104544186,0.0024067624923883486,[]
16,Dtf,10,0.28785930631102086,0.5141905643729368,0.17285205330952405,0.02509807600651827,"['Cough', 'Cough']"
16,Dtf,11,0.31925007790761717,0.19330692288247445,0.4255761077866931,0.06186689142321533,[]
16,Dtf,12,0.1522058579650759,0.07325041449572973,0.6762118492933017,0.09833187824589242,[]
16,Dtf,13,0.056907167142270676,0.04895054890420362,0.7806200583719138,0.1135222255816116,[]
16,Dtf,14,0.020122847230364057,0.013110555822664929,0.8185450986166805,0.14822149833029075,['Death']
16,Dtf,15,0.002380909574957201,0.012689722673708258,0.8353976243178723,0.14953174343346282,[]
16,Dtf,16,0.0002815117472605391,0.012640858647400707,0.8373909125940638,0.14968671701127534,[]
16,Dtf,17,3.3282431932881623e-05,0.012635093924168601,0.8376265837429696,0.14970503990092926,"['Cough', 'Cough']"
16,Dtf,18,3.935489943054505e-06,0.012634374265636215,0.8376544478903393,0.1497072423540821,[]
16,Dtf,19,4.6535246092006995e-07,0.012634289172214978,0.83765774269175,0.14970750278357442,['Cough']
17,Rpvj,0,0.0,1.0,0.0,0.0,"['Cough', 'Cough', 'Cough']"
17,Rpvj,1,0.0,1.0,0.0,0.0,[]
17,Rpvj,2,0.0,1.0,0.0,0.0,[]
17,Rpvj,3,0.0,1.0,0.0,0.0,[]
17,Rpvj,4,0.0,1.0,0.0,0.0,"['Fatigue', 'Fatigue', 'Cough']"
17,Rpvj,5,0.0,1.0,0.0,0.0,[]
17,Rpvj,6,0.0,1.0,0.0,0.0,[]
17,Rpvj,7,0.0,1.0,0.0,0.0,"['Cough', 'Cough']"
17,Rpvj,8,0.0,1.0,0.0,0.0,[]
17,Rpvj,9,0.0,1.0,0.0,0.0,[]
17,Rpvj,10,0.0,1.0,0.0,0.0,"['Cough', 'Cough']"
17,Rpvj,11,1.2384038955232937e-06,0.9999987615961045,0.0,0.0,[]
17,Rpvj,12,9.897442652626409e-05,0.9998875127292155,9.121428098757386e-06,4.391416158800855e-06,[]
17,Rpvj,13,0.007835146765718622,0.9910764005414254,0.0007347263675612645,0.00035372632529385816,[]
17,Rpvj,14,0.34931220110454037,0.3106410631095686,0.04358772915539129,0.2964590066304988,['Death']
17,Rpvj,15,0.36572288585343593,0.16568991676010997,0.14582514168118865,0.3227620557052647,[]
17,Rpvj,16,0.20291075738142678,0.040235558833270076,0.37510407315806205,0.38174961062724,[]
17,Rpvj,17,0.08598066471811162,0.020632871221851565,0.48369834772678527,0.40968811633325053,"['Cough', 'Cough']"
17,Rpvj,18,0.0346562862391569,0.01543183578875394,0.5285043498443639,0.4214075281277242,[]
17,Rpvj,19,0.013748047590477269,0.01374147792817727,0.546417580247656,0.4260928942336884,['Cough']
18,Bvkg,0,0.0,1.0,0.0,0.0,"['Cough', 'Cough', 'Cough']"
18,Bvkg,1,0.0,1.0,0.0,0.0,[]
18,Bvkg,2,0.0,1.0,0.0,0.0,[]
18,Bvkg,3,0.0,1.0,0.0,0.0,[]
18,Bvkg,4,0.0,1.0,0.0,0.0,"['Fatigue', 'Fatigue', 'Cough']"
18,Bvkg,5,0.0,1.0,0.0,0.0,[]
18,Bvkg,6,0.0,1.0,0.0,0.0,[]
18,Bvkg,7,0.0,1.0,0.0,0.0,"['Cough', 'Cough']"
18,Bvkg,8,0.0,1.0,0.0,0.0,[]
18,Bvkg,9,0.0,1.0,0.0,0.0,[]
18,Bvkg,10,0.0,1.0,0.0,0.0,"['Cough', 'Cough']"
18,Bvkg,11,0.0,1.0,0.0,0.0,[]
18,Bvkg,12,0.0,1.0,0.0,0.0,[]
18,Bvkg,13,0.0,1.0,0.0,0.0,[]
18,Bvkg,14,0.0,0.51,0.0,0.49,['Death']
18,Bvkg,15,0.0,0.51,0.0,0.49,[]
18,Bvkg,16,0.0,0.51,0.0,0.49,[]
18,Bvkg,17,0.0,0.51,0.0,0.49,"['Cough', 'Cough']"
18,Bvkg,18,0.0,0.51,0.0,0.49,[]
18,Bvkg,19,0.0,0.51,0.0,0.49,['Cough']
19,Ryex,0,2.8307201068879914e-06,0.9999971692798931,0.0,0.0,"['Cough', 'Cough', 'Cough']"
19,Ryex,1,0.00024108285570282624,0.9997490133265367,0.0,9.903817760754242e-06,[]
19,Ryex,2,0.02011338630202552,0.9790417010831667,0.0,0.0008449126148082895,[]
19,Ryex,3,0.6080495705735445,0.35046391016738093,0.0,0.0414865192590749,[]
19,Ryex,4,0.6582574935090373,0.26122162161528817,0.0,0.08052088487567519,"['Fatigue', 'Fatigue', 'Cough']"
19,Ryex,5,0.32922019346905745,0.13107765014733744,0.36764737623658034,0.17205478014702538,[]
19,Ryex,6,0.1786578861090018,0.03872600190757484,0.5621384932942145,0.22047761868920904,[]
19,Ryex,7,0.07879390850145876,0.021563028924440838,0.6558371129969289,0.2438059495771719,"['Cough', 'Cough']"
19,Ryex,8,0.03332861620248837,0.016544166463969882,0.6962468930094169,0.2538803243241253,[]
19,Ryex,9,0.01388172252182814,0.014804554638215082,0.7132055215301308,0.2581082013098265,[]
19,Ryex,10,0.0057495114336282155,0.014137164137249992,0.7202491170129134,0.25986420741620886,"['Cough', 'Cough']"
19,Ryex,11,0.002375929806614587,0.01386877477268494,0.7231631518096423,0.26059214361105876,[]
19,Ryex,12,0.0009809502818196433,0.013759413824999215,0.7243668133690212,0.2608928225241605,[]
19,Ryex,13,0.00040485656884231346,0.013714523117226596,0.7248636789987797,0.26101694131515224,[]
19,Ryex,14,0.00016706671690540215,0.005341455666569054,0.7250687294656654,0.26942274815086104,['Death']
19,Ryex,15,3.334554052853951e-05,0.005339340820385102,0.7251885680728115,0.26943874556627556,[]
19,Ryex,16,6.655541150609149e-06,0.005338918811565885,0.7252124870983985,0.26944193854888554,[]
19,Ryex,17,1.32839900858256e-06,0.005338834585568003,0.7252172611694326,0.2694425758459916,"['Cough', 'Cough']"
19,Ryex,18,2.646635569030327e-07,0.005338816842733865,0.7252182134142334,0.2694427050794764,[]
19,Ryex,19,5.273023748147853e-08,0.005338813307747743,0.7252184031347081,0.26944273082730735,['Cough']
