City id,City Name,turn,Infected,Healthy,Dead,Recovered,Actions
0,Hkblkg,0,1.0110497628582782e-06,0.9999989889502371,0.0,0.0,"['Cough', 'Cough']"
0,Hkblkg,1,5.656656575584697e-05,0.9999414707650368,0.0,1.962669208072911e-06,[]
0,Hkblkg,2,0.003154888892934186,0.9967335089720855,0.0,0.00011160213498099667,[]
0,Hkblkg,3,0.14967322896644714,0.8445720835398963,0.0,0.005754687493657284,[]
0,Hkblkg,4,0.7530804973652726,0.1908578824233888,0.0,0.056061620211339216,['Fatigue']
0,Hkblkg,5,0.5525329023557309,0.1908578824233888,0.1243467561661541,0.1322624590547274,[]
0,Hkblkg,6,0.37682731693158583,0.1908578824233888,0.23329056866476802,0.19902423198025854,['Death']
0,Hkblkg,7,0.19758610321630257,0.07538943814263069,0.43691430551658555,0.29011015312448196,[]
0,Hkblkg,8,0.09115430060384566,0.06136890428573018,0.5372495544294211,0.3102272406810036,"['Fatigue', 'Cough']"
0,Hkblkg,9,0.041627472661080425,0.04677832533205206,0.5920573733338366,0.31953682867303157,[]
0,Hkblkg,10,0.01827771993013637,0.04142988981420918,0.6165887007932382,0.32370368946241695,[]
0,Hkblkg,11,0.007905884690318637,0.03929549478649671,0.6272790770398442,0.32551954348334133,['Cough']
0,Hkblkg,12,0.003474382803519698,0.03828133212128503,0.6319329457609464,0.32631133931424966,[]
0,Hkblkg,13,0.0015217775070909376,0.037844714794546506,0.6339747770796981,0.3266587306186653,['Fatigue']
0,Hkblkg,14,0.0004500254846570719,0.037936567424534634,0.6348249813052458,0.32678842578556305,[]
0,Hkblkg,15,0.00013306342036491274,0.03796377136653492,0.635076388318924,0.326826776894177,[]
0,Hkblkg,16,3.934243202103685e-05,0.03797181860549812,0.6351507226682496,0.32683811629423215,['Death']
0,Hkblkg,17,1.1805971446551176e-05,0.037970520274937324,0.635176176770044,0.32684149698357295,[]
0,Hkblkg,18,3.5427602072219277e-06,0.037970130677717456,0.6351838150937025,0.3268425114683733,[]
0,Hkblkg,19,1.0631184093102883e-06,0.037970013767386235,0.6351861072171969,0.32684281589700825,[]
1,Mabmp,0,0.0,1.0,0.0,0.0,"['Cough', 'Cough']"
1,Mabmp,1,0.0,1.0,0.0,0.0,[]
1,Mabmp,2,0.0,1.0,0.0,0.0,[]
1,Mabmp,3,0.0,1.0,0.0,0.0,[]
1,Mabmp,4,0.0,1.0,0.0,0.0,['Fatigue']
1,Mabmp,5,0.0,1.0,0.0,0.0,[]
1,Mabmp,6,0.0,1.0,0.0,0.0,['Death']
1,Mabmp,7,0.0,0.5700000000000001,0.0,0.43,[]
1,Mabmp,8,0.0,0.5700000000000001,0.0,0.43,"['Fatigue', 'Cough']"
1,Mabmp,9,0.0,0.5700000000000001,0.0,0.43,[]
1,Mabmp,10,0.0,0.5700000000000001,0.0,0.43,[]
1,Mabmp,11,0.0,0.5700000000000001,0.0,0.43,['Cough']
1,Mabmp,12,0.0,0.5700000000000001,0.0,0.43,[]
1,Mabmp,13,0.0,0.5700000000000001,0.0,0.43,['Fatigue']
1,Mabmp,14,0.0,0.5700000000000001,0.0,0.43,[]
1,Mabmp,15,0.0,0.5700000000000001,0.0,0.43,[]
1,Mabmp,16,0.0,0.5700000000000001,0.0,0.43,['Death']
1,Mabmp,17,0.0,0.5700000000000001,0.0,0.43,[]
1,Mabmp,18,0.0,0.5700000000000001,0.0,0.43,[]
1,Mabmp,19,0.0,0.5700000000000001,0.0,0.43,[]
2,Avyqull,0,0.0,1.0,0.0,0.0,"['Cough', 'Cough']"
2,Avyqull,1,0.0,1.0,0.0,0.0,[]
2,Avyqull,2,0.0,1.0,0.0,0.0,[]
2,Avyqull,3,0.0,1.0,0.0,0.0,[]
2,Avyqull,4,0.0,1.0,0.0,0.0,['Fatigue']
2,Avyqull,5,0.0,1.0,0.0,0.0,[]
2,Avyqull,6,1.4597005862157554e-06,0.9999985402994138,0.0,0.0,['Death']
2,Avyqull,7,1.0754275175396562e-06,0.40999860409476385,2.131733200107673e-06,0.589998188744519,[]
2,Avyqull,8,3.1641034861069244e-07,0.4099982089625054,3.188026416667451e-06,0.5899982866007302,"['Fatigue', 'Cough']"
2,Avyqull,9,2.224937858973488e-07,0.40999772497502585,3.7238750013310453e-06,0.5899983286561875,[]
2,Avyqull,10,1.5645314787806758e-07,0.4099973846448124,4.100673275681779e-06,0.589998358228765,[]
2,Avyqull,11,1.1001456150064383e-07,0.4099971453317828,4.365630064122461e-06,0.5899983790235926,['Cough']
2,Avyqull,12,9.895343033252867e-08,0.4099969304540622,4.575101824461225e-06,0.5899983954906841,[]
2,Avyqull,13,8.900432094650096e-08,0.4099967371808639,4.763512689773475e-06,0.5899984103021269,['Fatigue']
2,Avyqull,14,2.356448656075872e-09,0.4099967655339879,4.817969111155341e-06,0.5899984141404531,[]
2,Avyqull,15,6.238854566630944e-11,0.40999676628465564,4.819410881152325e-06,0.5899984142420757,[]
2,Avyqull,16,1.6517782460343506e-12,0.4099967663045303,4.819449052972043e-06,0.5899984142447655,['Death']
2,Avyqull,17,1.9658405834011938e-13,0.4099967663040931,4.8194508361321026e-06,0.5899984142448746,[]
2,Avyqull,18,2.3396174447896577e-14,0.40999676630404097,4.819451048352388e-06,0.5899984142448877,[]
2,Avyqull,19,2.7844627047496398e-15,0.4099967663040348,4.819451073609487e-06,0.5899984142448877,[]
3,Gsjna,0,0.0,1.0,0.0,0.0,"['Cough', 'Cough']"
3,Gsjna,1,0.0,1.0,0.0,0.0,[]
3,Gsjna,2,0.0,1.0,0.0,0.0,[]
3,Gsjna,3,0.0,1.0,0.0,0.0,[]
3,Gsjna,4,0.0,1.0,0.0,0.0,['Fatigue']
3,Gsjna,5,0.0,1.0,0.0,0.0,[]
3,Gsjna,6,1.212332819304218e-06,0.9999987876671806,0.0,0.0,['Death']
3,Gsjna,7,1.1286028910444623e-06,0.44999871800267677,1.4854233940560994e-06,0.5499986679710377,[]
3,Gsjna,8,4.85208049653639e-07,0.4499982363907799,2.456841581822365e-06,0.5499988215595882,"['Fatigue', 'Cough']"
3,Gsjna,9,5.335259124328887e-07,0.44999732030411493,3.2221064038341916e-06,0.549998924063568,[]
3,Gsjna,10,5.866530994512682e-07,0.4499963129960105,4.063576030433805e-06,0.5499990367748591,[]
3,Gsjna,11,6.450678363184732e-07,0.44999520538757964,4.9888351814903855e-06,0.5499991607094016,['Cough']
3,Gsjna,12,9.048937831198087e-07,0.4499936381062431,6.141626066943761e-06,0.549999315373906,[]
3,Gsjna,13,1.2693639443809456e-06,0.4499914395602703,7.758741186362029e-06,0.549999532334598,['Fatigue']
3,Gsjna,14,5.772726114568955e-08,0.4499919014003999,8.42802710404148e-06,0.549999612845234,[]
3,Gsjna,15,2.6252797006650674e-09,0.4499919224036556,8.458464423305097e-06,0.5499996165066405,[]
3,Gsjna,16,1.1939061804119232e-10,0.4499919233588271,8.459848630248772e-06,0.5499996166731514,['Death']
3,Gsjna,17,2.6099234665041253e-11,0.44999192331992627,8.459968290038641e-06,0.5499996166856836,[]
3,Gsjna,18,5.705390098963992e-12,0.4499919233114224,8.459994448115268e-06,0.5499996166884227,[]
3,Gsjna,19,1.2472195678884823e-12,0.4499919233095632,8.460000166368445e-06,0.5499996166890212,[]
4,Puy,0,0.0,1.0,0.0,0.0,"['Cough', 'Cough']"
4,Puy,1,0.0,1.0,0.0,0.0,[]
4,Puy,2,0.0,1.0,0.0,0.0,[]
4,Puy,3,0.0,1.0,0.0,0.0,[]
4,Puy,4,0.0,1.0,0.0,0.0,['Fatigue']
4,Puy,5,0.0,1.0,0.0,0.0,[]
4,Puy,6,0.0,1.0,0.0,0.0,['Death']
4,Puy,7,0.0,0.5800000000000001,0.0,0.42,[]
4,Puy,8,0.0,0.5800000000000001,0.0,0.42,"['Fatigue', 'Cough']"
4,Puy,9,0.0,0.5800000000000001,0.0,0.42,[]
4,Puy,10,0.0,0.5800000000000001,0.0,0.42,[]
4,Puy,11,0.0,0.5800000000000001,0.0,0.42,['Cough']
4,Puy,12,0.0,0.5800000000000001,0.0,0.42,[]
4,Puy,13,0.0,0.5800000000000001,0.0,0.42,['Fatigue']
4,Puy,14,0.0,0.5800000000000001,0.0,0.42,[]
4,Puy,15,0.0,0.5800000000000001,0.0,0.42,[]
4,Puy,16,0.0,0.5800000000000001,0.0,0.42,['Death']
4,Puy,17,0.0,0.5800000000000001,0.0,0.42,[]
4,Puy,18,0.0,0.5800000000000001,0.0,0.42,[]
4,Puy,19,0.0,0.5800000000000001,0.0,0.42,[]
5,Cvddwf,0,0.0,1.0,0.0,0.0,"['Cough', 'Cough']"
5,Cvddwf,1,0.0,1.0,0.0,0.0,[]
5,Cvddwf,2,0.0,1.0,0.0,0.0,[]
5,Cvddwf,3,0.0,1.0,0.0,0.0,[]
5,Cvddwf,4,0.0,1.0,0.0,0.0,['Fatigue']
5,Cvddwf,5,0.0,1.0,0.0,0.0,[]
5,Cvddwf,6,0.0,1.0,0.0,0.0,['Death']
5,Cvddwf,7,0.0,0.51,0.0,0.49,[]
5,Cvddwf,8,0.0,0.51,0.0,0.49,"['Fatigue', 'Cough']"
5,Cvddwf,9,0.0,0.51,0.0,0.49,[]
5,Cvddwf,10,0.0,0.51,0.0,0.49,[]
5,Cvddwf,11,0.0,0.51,0.0,0.49,['Cough']
5,Cvddwf,12,0.0,0.51,0.0,0.49,[]
5,Cvddwf,13,0.0,0.51,0.0,0.49,['Fatigue']
5,Cvddwf,14,0.0,0.51,0.0,0.49,[]
5,Cvddwf,15,0.0,0.51,0.0,0.49,[]
5,Cvddwf,16,0.0,0.51,0.0,0.49,['Death']
5,Cvddwf,17,0.0,0.51,0.0,0.49,[]
5,Cvddwf,18,0.0,0.51,0.0,0.49,[]
5,Cvddwf,19,0.0,0.51,0.0,0.49,[]
6,Ssuqrktd,0,0.0,1.0,0.0,0.0,"['Cough', 'Cough']"
6,Ssuqrktd,1,0.0,1.0,0.0,0.0,[]
6,Ssuqrktd,2,0.0,1.0,0.0,0.0,[]
6,Ssuqrktd,3,0.0,1.0,0.0,0.0,[]
6,Ssuqrktd,4,0.0,1.0,0.0,0.0,['Fatigue']
6,Ssuqrktd,5,0.0,1.0,0.0,0.0,[]
6,Ssuqrktd,6,0.0,1.0,0.0,0.0,['Death']
6,Ssuqrktd,7,0.0,0.43000000000000005,0.0,0.57,[]
6,Ssuqrktd,8,0.0,0.43000000000000005,0.0,0.57,"['Fatigue', 'Cough']"
6,Ssuqrktd,9,0.0,0.43000000000000005,0.0,0.57,[]
6,Ssuqrktd,10,0.0,0.43000000000000005,0.0,0.57,[]
6,Ssuqrktd,11,0.0,0.43000000000000005,0.0,0.57,['Cough']
6,Ssuqrktd,12,3.2249637997813474e-06,0.42999677503620026,0.0,0.57,[]
6,Ssuqrktd,13,2.0571011504448358e-06,0.4299923236811852,5.221203887457534e-06,0.5700003980137767,['Fatigue']
6,Ssuqrktd,14,6.713215827470648e-08,0.42999289733772156,6.546906570838404e-06,0.5700004886235496,[]
6,Ssuqrktd,15,2.1908134845953754e-09,0.4299929160586391,6.5901700076062115e-06,0.5700004915805394,[]
6,Ssuqrktd,16,7.149574492066727e-11,0.4299929166695837,6.591581881177866e-06,0.5700004916770386,['Death']
6,Ssuqrktd,17,7.66567616012907e-12,0.42999291665437606,6.591656479892219e-06,0.5700004916814783,[]
6,Ssuqrktd,18,8.21903332243379e-13,0.4299929166527457,6.591664478264524e-06,0.5700004916819543,[]
6,Ssuqrktd,19,8.8123353170823e-14,0.4299929166525707,6.591665335839081e-06,0.5700004916820053,[]
7,Wpb,0,0.0,1.0,0.0,0.0,"['Cough', 'Cough']"
7,Wpb,1,0.0,1.0,0.0,0.0,[]
7,Wpb,2,0.0,1.0,0.0,0.0,[]
7,Wpb,3,0.0,1.0,0.0,0.0,[]
7,Wpb,4,0.0,1.0,0.0,0.0,['Fatigue']
7,Wpb,5,0.0,1.0,0.0,0.0,[]
7,Wpb,6,0.0,1.0,0.0,0.0,['Death']
7,Wpb,7,0.0,0.52,0.0,0.48,[]
7,Wpb,8,0.0,0.52,0.0,0.48,"['Fatigue', 'Cough']"
7,Wpb,9,0.0,0.52,0.0,0.48,[]
7,Wpb,10,0.0,0.52,0.0,0.48,[]
7,Wpb,11,0.0,0.52,0.0,0.48,['Cough']
7,Wpb,12,0.0,0.52,0.0,0.48,[]
7,Wpb,13,0.0,0.52,0.0,0.48,['Fatigue']
7,Wpb,14,0.0,0.52,0.0,0.48,[]
7,Wpb,15,0.0,0.52,0.0,0.48,[]
7,Wpb,16,0.0,0.52,0.0,0.48,['Death']
7,Wpb,17,0.0,0.52,0.0,0.48,[]
7,Wpb,18,0.0,0.52,0.0,0.48,[]
7,Wpb,19,0.0,0.52,0.0,0.48,[]
8,Jyudawpc,0,0.0,1.0,0.0,0.0,"['Cough', 'Cough']"
8,Jyudawpc,1,0.0,1.0,0.0,0.0,[]
8,Jyudawpc,2,0.0,1.0,0.0,0.0,[]
8,Jyudawpc,3,1.1888881755559835e-06,0.9999988111118244,0.0,0.0,[]
8,Jyudawpc,4,0.00012595836508879423,0.9998702494754357,0.0,3.792159475328815e-06,['Fatigue']
8,Jyudawpc,5,6.378925109863767e-05,0.9998702494754357,4.88612742431037e-05,1.7099999222381707e-05,[]
8,Jyudawpc,6,3.2304869572231754e-05,0.9998702494754357,7.360614997641082e-05,2.3839505015480555e-05,['Death']
8,Jyudawpc,7,3.0461781984461158e-05,0.48990999545146285,0.00012481795382912492,0.5099347248127231,[]
8,Jyudawpc,8,1.1904103665314905e-05,0.4898932866455111,0.0001571989501627029,0.5099376103006599,"['Fatigue', 'Cough']"
8,Jyudawpc,9,1.6540742263091578e-05,0.4898593789409828,0.00018441537267233147,0.5099396649440802,[]
8,Jyudawpc,10,2.297883216629268e-05,0.4898122726844492,0.00022222889160367838,0.5099425195917792,[]
8,Jyudawpc,11,3.191408331237898e-05,0.48974684778365907,0.0002747533256568198,0.5099464848073699,['Cough']
8,Jyudawpc,12,6.132347015979378e-05,0.4896240664276374,0.0003615611882041994,0.5099530489139975,[]
8,Jyudawpc,13,0.00011772129510787373,0.48938833776060736,0.0005282849622403918,0.5099656559820429,['Fatigue']
8,Jyudawpc,14,2.3007480633319507e-06,0.4894347241419812,0.0005929359114278073,0.5099700391985261,[]
8,Jyudawpc,15,4.496413346465591e-08,0.4894356307460448,0.0005941994272263237,0.5099701248625932,[]
8,Jyudawpc,16,8.787453939445834e-10,0.48943564846406035,0.0005942241204436206,0.509970126536748,['Death']
8,Jyudawpc,17,1.4374206013165315e-10,0.4894356481194492,0.0005942251398816586,0.5099701265969246,[]
8,Jyudawpc,18,2.3512817236326133e-11,0.48943564806307893,0.0005942253066377234,0.509970126606768,[]
8,Jyudawpc,19,3.8461433894650745e-12,0.4894356480538583,0.0005942253339150904,0.509970126608378,[]
9,Ooxl,0,0.0,1.0,0.0,0.0,"['Cough', 'Cough']"
9,Ooxl,1,0.0,1.0,0.0,0.0,[]
9,Ooxl,2,0.0,1.0,0.0,0.0,[]
9,Ooxl,3,0.0,1.0,0.0,0.0,[]
9,Ooxl,4,0.0,1.0,0.0,0.0,['Fatigue']
9,Ooxl,5,0.0,1.0,0.0,0.0,[]
9,Ooxl,6,0.0,1.0,0.0,0.0,['Death']
9,Ooxl,7,0.0,0.31999999999999995,0.0,0.68,[]
9,Ooxl,8,0.0,0.31999999999999995,0.0,0.68,"['Fatigue', 'Cough']"
9,Ooxl,9,0.0,0.31999999999999995,0.0,0.68,[]
9,Ooxl,10,0.0,0.31999999999999995,0.0,0.68,[]
9,Ooxl,11,0.0,0.31999999999999995,0.0,0.68,['Cough']
9,Ooxl,12,0.0,0.31999999999999995,0.0,0.68,[]
9,Ooxl,13,0.0,0.31999999999999995,0.0,0.68,['Fatigue']
9,Ooxl,14,0.0,0.31999999999999995,0.0,0.68,[]
9,Ooxl,15,0.0,0.31999999999999995,0.0,0.68,[]
9,Ooxl,16,0.0,0.31999999999999995,0.0,0.68,['Death']
9,Ooxl,17,0.0,0.31999999999999995,0.0,0.68,[]
9,Ooxl,18,0.0,0.31999999999999995,0.0,0.68,[]
9,Ooxl,19,0.0,0.31999999999999995,0.0,0.68,[]
10,Tmoub,0,0.0,1.0,0.0,0.0,"['Cough', 'Cough']"
10,Tmoub,1,0.0,1.0,0.0,0.0,[]
10,Tmoub,2,0.0,1.0,0.0,0.0,[]
10,Tmoub,3,1.4752569897676175e-06,0.9999985247430102,0.0,0.0,[]
10,Tmoub,4,3.575435489242294e-05,0.9999623539872412,0.0,1.8916578666960496e-06,['Fatigue']
10,Tmoub,5,2.4526373987179745e-05,0.9999623539872412,5.890606852829688e-06,7.229031919109529e-06,[]
10,Tmoub,6,1.6824328750131823e-05,0.9999623539872412,9.93137970745507e-06,1.0890304301532053e-05,['Death']
10,Tmoub,7,2.534988102638814e-05,0.5899631644633002,2.247449916428754e-05,0.40998901115650915,[]
10,Tmoub,8,2.3425852164704494e-05,0.5899459821230026,3.7211931943437934e-05,0.4099933800928899,"['Fatigue', 'Cough']"
10,Tmoub,9,7.135912579098682e-05,0.5898596968066483,6.786540649630136e-05,0.4100010786610654,[]
10,Tmoub,10,0.00021725626891001574,0.5895970035939644,0.00016121650572315421,0.4100245236314029,[]
10,Tmoub,11,0.0006603762084253256,0.5887985772793116,0.00044520072544127615,0.41009584578682273,['Cough']
10,Tmoub,12,0.002611518077076173,0.5855826592495553,0.0014557605664343286,0.4103500621069353,[]
10,Tmoub,13,0.010062720041707806,0.5731937155297029,0.005401030628022567,0.41134253380056796,['Fatigue']
10,Tmoub,14,0.001032983912317881,0.5782839793844677,0.008615483123019413,0.41206755358019675,[]
10,Tmoub,15,0.00010555574910214467,0.5788079145038129,0.008944717378566263,0.41214181236852043,[]
10,Tmoub,16,1.0781175384562492e-05,0.5788614675798991,0.008978352479075318,0.4121493987656432,['Death']
10,Tmoub,17,7.139683545411985e-06,0.5788553461594502,0.008986512879456742,0.41215100127754983,[]
10,Tmoub,18,4.728127683379872e-06,0.5788512923816419,0.008991916975058016,0.412152062515619,[]
10,Tmoub,19,3.1311054603481863e-06,0.5788486078607811,0.008995495733606943,0.41215276530015377,[]
11,Axlqasr,0,0.0,1.0,0.0,0.0,"['Cough', 'Cough']"
11,Axlqasr,1,0.0,1.0,0.0,0.0,[]
11,Axlqasr,2,0.0,1.0,0.0,0.0,[]
11,Axlqasr,3,0.0,1.0,0.0,0.0,[]
11,Axlqasr,4,0.0,1.0,0.0,0.0,['Fatigue']
11,Axlqasr,5,0.0,1.0,0.0,0.0,[]
11,Axlqasr,6,0.0,1.0,0.0,0.0,['Death']
11,Axlqasr,7,0.0,0.54,0.0,0.46,[]
11,Axlqasr,8,0.0,0.54,0.0,0.46,"['Fatigue', 'Cough']"
11,Axlqasr,9,0.0,0.54,0.0,0.46,[]
11,Axlqasr,10,0.0,0.54,0.0,0.46,[]
11,Axlqasr,11,0.0,0.54,0.0,0.46,['Cough']
11,Axlqasr,12,0.0,0.54,0.0,0.46,[]
11,Axlqasr,13,0.0,0.54,0.0,0.46,['Fatigue']
11,Axlqasr,14,0.0,0.54,0.0,0.46,[]
11,Axlqasr,15,0.0,0.54,0.0,0.46,[]
11,Axlqasr,16,0.0,0.54,0.0,0.46,['Death']
11,Axlqasr,17,0.0,0.54,0.0,0.46,[]
11,Axlqasr,18,0.0,0.54,0.0,0.46,[]
11,Axlqasr,19,0.0,0.54,0.0,0.46,[]
12,Rpfe,0,0.0,1.0,0.0,0.0,"['Cough', 'Cough']"
12,Rpfe,1,0.0,1.0,0.0,0.0,[]
12,Rpfe,2,0.0,1.0,0.0,0.0,[]
12,Rpfe,3,0.0,1.0,0.0,0.0,[]
12,Rpfe,4,0.0,1.0,0.0,0.0,['Fatigue']
12,Rpfe,5,0.0,1.0,0.0,0.0,[]
12,Rpfe,6,0.0,1.0,0.0,0.0,['Death']
12,Rpfe,7,0.0,0.5700000000000001,0.0,0.43,[]
12,Rpfe,8,0.0,0.5700000000000001,0.0,0.43,"['Fatigue', 'Cough']"
12,Rpfe,9,0.0,0.5700000000000001,0.0,0.43,[]
12,Rpfe,10,0.0,0.5700000000000001,0.0,0.43,[]
12,Rpfe,11,0.0,0.5700000000000001,0.0,0.43,['Cough']
12,Rpfe,12,0.0,0.5700000000000001,0.0,0.43,[]
12,Rpfe,13,0.0,0.5700000000000001,0.0,0.43,['Fatigue']
12,Rpfe,14,0.0,0.5700000000000001,0.0,0.43,[]
12,Rpfe,15,0.0,0.5700000000000001,0.0,0.43,[]
12,Rpfe,16,0.0,0.5700000000000001,0.0,0.43,['Death']
12,Rpfe,17,0.0,0.5700000000000001,0.0,0.43,[]
12,Rpfe,18,0.0,0.5700000000000001,0.0,0.43,[]
12,Rpfe,19,0.0,0.5700000000000001,0.0,0.43,[]
13,Pajwdvp,0,0.0,1.0,0.0,0.0,"['Cough', 'Cough']"
13,Pajwdvp,1,0.0,1.0,0.0,0.0,[]
13,Pajwdvp,2,0.0,1.0,0.0,0.0,[]
13,Pajwdvp,3,0.0,1.0,0.0,0.0,[]
13,Pajwdvp,4,0.0,1.0,0.0,0.0,['Fatigue']
13,Pajwdvp,5,0.0,1.0,0.0,0.0,[]
13,Pajwdvp,6,0.0,1.0,0.0,0.0,['Death']
13,Pajwdvp,7,0.0,0.36,0.0,0.64,[]
13,Pajwdvp,8,0.0,0.36,0.0,0.64,"['Fatigue', 'Cough']"
13,Pajwdvp,9,0.0,0.36,0.0,0.64,[]
13,Pajwdvp,10,0.0,0.36,0.0,0.64,[]
13,Pajwdvp,11,0.0,0.36,0.0,0.64,['Cough']
13,Pajwdvp,12,0.0,0.36,0.0,0.64,[]
13,Pajwdvp,13,0.0,0.36,0.0,0.64,['Fatigue']
13,Pajwdvp,14,0.0,0.36,0.0,0.64,[]
13,Pajwdvp,15,0.0,0.36,0.0,0.64,[]
13,Pajwdvp,16,0.0,0.36,0.0,0.64,['Death']
13,Pajwdvp,17,0.0,0.36,0.0,0.64,[]
13,Pajwdvp,18,0.0,0.36,0.0,0.64,[]
13,Pajwdvp,19,0.0,0.36,0.0,0.64,[]
14,Wyy,0,0.0,1.0,0.0,0.0,"['Cough', 'Cough']"
14,Wyy,1,0.0,1.0,0.0,0.0,[]
14,Wyy,2,0.0,1.0,0.0,0.0,[]
14,Wyy,3,0.0,1.0,0.0,0.0,[]
14,Wyy,4,0.0,1.0,0.0,0.0,['Fatigue']
14,Wyy,5,0.0,1.0,0.0,0.0,[]
14,Wyy,6,0.0,1.0,0.0,0.0,['Death']
14,Wyy,7,0.0,0.43000000000000005,0.0,0.57,[]
14,Wyy,8,0.0,0.43000000000000005,0.0,0.57,"['Fatigue', 'Cough']"
14,Wyy,9,0.0,0.43000000000000005,0.0,0.57,[]
14,Wyy,10,0.0,0.43000000000000005,0.0,0.57,[]
14,Wyy,11,0.0,0.43000000000000005,0.0,0.57,['Cough']
14,Wyy,12,0.0,0.43000000000000005,0.0,0.57,[]
14,Wyy,13,0.0,0.43000000000000005,0.0,0.57,['Fatigue']
14,Wyy,14,0.0,0.43000000000000005,0.0,0.57,[]
14,Wyy,15,0.0,0.43000000000000005,0.0,0.57,[]
14,Wyy,16,0.0,0.43000000000000005,0.0,0.57,['Death']
14,Wyy,17,0.0,0.43000000000000005,0.0,0.57,[]
14,Wyy,18,0.0,0.43000000000000005,0.0,0.57,[]
14,Wyy,19,0.0,0.43000000000000005,0.0,0.57,[]
15,Bob,0,0.0,1.0,0.0,0.0,"['Cough', 'Cough']"
15,Bob,1,0.0,1.0,0.0,0.0,[]
15,Bob,2,0.0,1.0,0.0,0.0,[]
15,Bob,3,1.9084370091738566e-06,0.9999980915629908,0.0,0.0,[]
15,Bob,4,0.000199528026026488,0.9997938742733349,0.0,6.597700638142505e-06,['Fatigue']
15,Bob,5,0.00013156928749287207,0.9997938742733349,4.196166586488702e-05,3.259477330687148e-05,[]
15,Bob,6,8.675712257627405e-05,0.9997938742733349,6.963129498818747e-05,4.9737309100169093e-05,['Death']
15,Bob,7,0.0001874337772074799,0.5997421017524833,0.0001719243255366794,0.39989854014477205,[]
15,Bob,8,0.0002041972819264675,0.5995404919029936,0.0003256168832662133,0.39992969393181327,"['Fatigue', 'Cough']"
15,Bob,9,0.0012829598478759996,0.5978267371299263,0.0008675461112288094,0.40002275691096884,[]
15,Bob,10,0.007874821878738359,0.5872910328935702,0.004233387987193728,0.40060075724049754,[]
15,Bob,11,0.042242026516220325,0.5302894073180462,0.02355056090180977,0.403918005263924,['Cough']
15,Bob,12,0.15878304797694245,0.3078000212805842,0.11394966790241866,0.419467262840055,[]
15,Bob,13,0.16043625185915603,0.11537022285196614,0.2767273931887834,0.4474661321000948,['Fatigue']
15,Bob,14,0.030995816439540885,0.1486321244275278,0.3600549636070074,0.4603170955259241,[]
15,Bob,15,0.005657388432503573,0.1558906578830003,0.37571910014752,0.46273285353697613,[]
15,Bob,16,0.0010207965349394612,0.15724586969188795,0.37856203629428536,0.46317129747888725,['Death']
15,Bob,17,0.0003415210556924078,0.15707736731120503,0.37930945481807965,0.46327165681502264,[]
15,Bob,18,0.00011423997640843291,0.1570210381218891,0.3795594915061189,0.46330523039558363,[]
15,Bob,19,3.8211382758997996e-05,0.15700220090361952,0.37964312717113713,0.4633164605424845,[]
16,Dtf,0,0.0,1.0,0.0,0.0,"['Cough', 'Cough']"
16,Dtf,1,0.0,1.0,0.0,0.0,[]
16,Dtf,2,0.0,1.0,0.0,0.0,[]
16,Dtf,3,0.0,1.0,0.0,0.0,[]
16,Dtf,4,0.0,1.0,0.0,0.0,['Fatigue']
16,Dtf,5,0.0,1.0,0.0,0.0,[]
16,Dtf,6,1.191369717764514e-05,0.9999880863028223,0.0,0.0,['Death']
16,Dtf,7,6.192414314680362e-06,0.3099930589317704,1.4844109620655427e-05,0.6899859045442939,[]
16,Dtf,8,1.3993108005853054e-06,0.30999185687470177,2.033812836780568e-05,0.6899864056861299,"['Fatigue', 'Cough']"
16,Dtf,9,4.624560572004049e-07,0.30999095535668303,2.2044628908798738e-05,0.6899865375583509,[]
16,Dtf,10,1.528360958734648e-07,0.3099906574162492,2.2608607098735434e-05,0.6899865811405553,[]
16,Dtf,11,5.0510437074015013e-08,0.3099905589506575,2.279499496560086e-05,0.6899865955439388,['Cough']
16,Dtf,12,1.92988162624187e-08,0.3099905197258664,2.286037106836175e-05,0.6899866006042482,[]
16,Dtf,13,7.373610163645708e-09,0.30999050473902445,2.2885349694687485e-05,0.6899866025376696,['Fatigue']
16,Dtf,14,3.230249779973994e-10,0.30999050630177216,2.2890481392409207e-05,0.689986602893809,[]
16,Dtf,15,1.415115987683309e-11,0.3099905063702334,2.2890706203120104e-05,0.6899866029094109,[]
16,Dtf,16,6.199375883917921e-13,0.30999050637323255,2.2890716051684546e-05,0.6899866029100944,['Death']
16,Dtf,17,5.653231787760709e-14,0.3099905063731444,2.2890716666115642e-05,0.6899866029101317,[]
16,Dtf,18,5.155201143562397e-15,0.3099905063731363,2.2890716722145835e-05,0.6899866029101339,[]
16,Dtf,19,4.701045318559977e-16,0.3099905063731363,2.289071672725524e-05,0.6899866029101339,[]
17,Rpvj,0,0.0,1.0,0.0,0.0,"['Cough', 'Cough']"
17,Rpvj,1,0.0,1.0,0.0,0.0,[]
17,Rpvj,2,0.0,1.0,0.0,0.0,[]
17,Rpvj,3,0.0,1.0,0.0,0.0,[]
17,Rpvj,4,0.0,1.0,0.0,0.0,['Fatigue']
17,Rpvj,5,0.0,1.0,0.0,0.0,[]
17,Rpvj,6,1.2384038955232937e-06,0.9999987615961045,0.0,0.0,['Death']
17,Rpvj,7,2.298205138506965e-06,0.5299979981491185,1.1359845133717768e-06,0.4699985676612296,[]
17,Rpvj,8,2.1255729713662824e-06,0.5299962566816238,2.606285917171423e-06,0.4699990114594872,"['Fatigue', 'Cough']"
17,Rpvj,9,7.4636520282033e-06,0.5299867398885381,5.934043596701578e-06,0.469999862415837,[]
17,Rpvj,10,2.62054890742597e-05,0.5299533256578277,1.761854039475361e-05,0.47000285031270345,[]
17,Rpvj,11,9.198396260944035e-05,0.5298360383148533,5.863810637667153e-05,0.47001333961616043,['Cough']
17,Rpvj,12,0.00043577772107325486,0.5292751465546883,0.00023146843569414984,0.47005760728854434,[]
17,Rpvj,13,0.0020514672488978957,0.5266341644253636,0.0010476973119414774,0.4702666710137975,['Fatigue']
17,Rpvj,14,0.00015863333349279185,0.5277158462282763,0.001707357791550191,0.47041816264668096,[]
17,Rpvj,15,1.2252991468068016e-05,0.5277995370821323,0.0017583393241075722,0.4704298706022927,[]
17,Rpvj,16,9.463516300868082e-07,0.5278060017302225,0.0017622770203167368,0.4704307748978309,['Death']
17,Rpvj,17,6.135647015183032e-07,0.5278053982080618,0.0017630573122814498,0.47043093091495564,[]
17,Rpvj,18,3.978028412110019e-07,0.5278050069164963,0.0017635632124327963,0.4704310320682295,[]
17,Rpvj,19,2.5791416119877583e-07,0.527804753223994,0.0017638912112074663,0.4704310976506371,[]
18,Bvkg,0,0.0,1.0,0.0,0.0,"['Cough', 'Cough']"
18,Bvkg,1,0.0,1.0,0.0,0.0,[]
18,Bvkg,2,0.0,1.0,0.0,0.0,[]
18,Bvkg,3,0.0,1.0,0.0,0.0,[]
18,Bvkg,4,0.0,1.0,0.0,0.0,['Fatigue']
18,Bvkg,5,0.0,1.0,0.0,0.0,[]
18,Bvkg,6,3.6666568889149627e-06,0.9999963333431111,0.0,0.0,['Death']
18,Bvkg,7,6.671187092381428e-06,0.5099946351915264,3.0248305040698387e-06,0.48999566879087736,[]
18,Bvkg,8,6.216399722628266e-06,0.5099901359881261,6.919010948093255e-06,0.48999672860120425,"['Fatigue', 'Cough']"
18,Bvkg,9,1.8873290081009517e-05,0.509967488927752,1.5037388521951707e-05,0.4899986003936459,[]
18,Bvkg,10,5.729105476336377e-05,0.5098987429233702,3.9683225445144025e-05,0.49000428279642266,[]
18,Bvkg,11,0.00017382617119157193,0.5096901666361774,0.00011447924747998224,0.49002152794515286,['Cough']
18,Bvkg,12,0.0006878086856397606,0.5088488645095774,0.0003803894887452222,0.4900829373160399,[]
18,Bvkg,13,0.0027002781062394955,0.5055462539320777,0.001428483564263018,0.4903249843974225,['Fatigue']
18,Bvkg,14,0.000278909213119584,0.5069250121147729,0.002292242385900816,0.49050383628620925,[]
18,Bvkg,15,2.8767302930786566e-05,0.5070675392494873,0.0023813966701651764,0.4905222967774189,[]
18,Bvkg,16,2.966686170224198e-06,0.5070822410483986,0.0023905915707460716,0.4905242006946873,['Death']
18,Bvkg,17,1.9999500245375164e-06,0.5070805355695807,0.002392855622115454,0.4905246088582821,[]
18,Bvkg,18,1.348235744198223e-06,0.5070793858492155,0.0023943818992414254,0.4905248840158012,[]
18,Bvkg,19,9.088913327696047e-07,0.5070786107847784,0.002395410814973716,0.49052506950891744,[]
19,Ryex,0,0.0,1.0,0.0,0.0,"['Cough', 'Cough']"
19,Ryex,1,0.0,1.0,0.0,0.0,[]
19,Ryex,2,0.0,1.0,0.0,0.0,[]
19,Ryex,3,2.8307201068879914e-06,0.9999971692798931,0.0,0.0,[]
19,Ryex,4,0.00014014156549787142,0.9998533409670182,0.0,6.51746748369439e-06,['Fatigue']
19,Ryex,5,7.804074101830625e-05,0.9998533409670182,4.1997333467669356e-05,2.6620958495590043e-05,[]
19,Ryex,6,4.345860728078462e-05,0.9998533409670182,6.538442075305876e-05,3.781600494772222e-05,['Death']
19,Ryex,7,4.606493581115145e-05,0.38991739455674557,0.00011945895279838347,0.6099170815546449,[]
19,Ryex,8,2.0014743494084402e-05,0.389899572245902,0.00015739073334622536,0.6099230222772573,"['Fatigue', 'Cough']"
19,Ryex,9,2.0064142493545117e-05,0.3898670053814729,0.00018609911035559004,0.6099268313656775,[]
19,Ryex,10,2.011093012513526e-05,0.38983436306390795,0.0002148764074106566,0.6099306495985556,[]
19,Ryex,11,2.015508140369315e-05,0.38980164957584346,0.00024371886560051683,0.6099344764771515,['Cough']
19,Ryex,12,2.5165188308687942e-05,0.3897600527156393,0.00027601365543343374,0.6099387684406178,[]
19,Ryex,13,3.141379331378407e-05,0.3897081276690526,0.00031633182931300465,0.6099441267083201,['Fatigue']
19,Ryex,14,1.7646205431083055e-06,0.38971905947934143,0.0003330563259649797,0.6099461195741501,[]
19,Ryex,15,9.912379399113852e-08,0.3897196735628217,0.00033399579367611264,0.6099462315197077,[]
19,Ryex,16,5.56806449320598e-09,0.3897197080576705,0.00033404856625567314,0.6099462378080085,['Death']
19,Ryex,17,1.2703048057836066e-09,0.3897197063945798,0.00033405396681840854,0.6099462383682955,[]
19,Ryex,18,2.8980883742968106e-10,0.3897197060151601,0.0003340551989091646,0.6099462384961198,[]
19,Ryex,19,6.61173301440409e-11,0.3897197059285985,0.00033405547999980367,0.6099462385252815,[]
