City id,City Name,turn,Infected,Healthy,Dead,Recovered,Actions
0,Hkblkg,0,0.0,1.0,0.0,0.0,"['Cough', 'Cough', 'Cough', 'Cough']"
0,Hkblkg,1,0.0,1.0,0.0,0.0,['Cough']
0,Hkblkg,2,0.0,1.0,0.0,0.0,['Cough']
0,Hkblkg,3,0.0,1.0,0.0,0.0,[]
0,Hkblkg,4,0.0,1.0,0.0,0.0,[]
0,Hkblkg,5,0.0,1.0,0.0,0.0,[]
0,Hkblkg,6,0.0,1.0,0.0,0.0,[]
0,Hkblkg,7,0.0,0.6,0.0,0.4,[]
0,Hkblkg,8,0.0,0.6,0.0,0.4,[]
0,Hkblkg,9,1.0110497628582782e-06,0.5999989889502371,0.0,0.4,[]
0,Hkblkg,10,1.78071701436894e-05,0.5999813545012659,0.0,0.40000083832859024,['Fatigue']
0,Hkblkg,11,0.0001521471340741097,0.5998233312127792,1.4674304498187306e-05,0.4000098473486486,[]
0,Hkblkg,12,0.00129700048364,0.5984763519875741,0.00013991249219525229,0.40008673503659076,"['Fatigue', 'Fatigue']"
0,Hkblkg,13,0.000586729789535741,0.5984763519875741,0.000719252404055714,0.4002176658188347,[]
0,Hkblkg,14,0.0002654215247187267,0.5984763519875741,0.0009813309374434407,0.4002768955502639,[]
0,Hkblkg,15,0.00012006989766065432,0.5984763519875741,0.001099888551473673,0.40030368956329165,"['Fatigue', 'Cough', 'Cough']"
0,Hkblkg,16,0.0009617897957084384,0.5972568991326593,0.0014190471929333831,0.40036226387869844,[]
0,Hkblkg,17,0.007550849402817707,0.5876720061190269,0.00395032253622704,0.4008268219419282,[]
0,Hkblkg,18,0.05115256563856104,0.522218417019002,0.02241366794979524,0.40421534939264187,[]
0,Hkblkg,19,0.17110739436481684,0.2998051434397228,0.10898408091199605,0.4201033812834646,[]
1,Mabmp,0,0.0,1.0,0.0,0.0,"['Cough', 'Cough', 'Cough', 'Cough']"
1,Mabmp,1,0.0,1.0,0.0,0.0,['Cough']
1,Mabmp,2,0.0,1.0,0.0,0.0,['Cough']
1,Mabmp,3,0.0,1.0,0.0,0.0,[]
1,Mabmp,4,0.0,1.0,0.0,0.0,[]
1,Mabmp,5,0.0,1.0,0.0,0.0,[]
1,Mabmp,6,0.0,1.0,0.0,0.0,[]
1,Mabmp,7,0.0,0.5700000000000001,0.0,0.43,[]
1,Mabmp,8,0.0,0.5700000000000001,0.0,0.43,[]
1,Mabmp,9,0.0,0.5700000000000001,0.0,0.43,[]
1,Mabmp,10,7.863242486671804e-06,0.5699921367575134,0.0,0.43,['Fatigue']
1,Mabmp,11,3.061306007922621e-05,0.5699573807511661,8.85914628850512e-06,0.4300031470424669,[]
1,Mabmp,12,0.00011915063491816792,0.5698221070003274,4.334491263681189e-05,0.43001539745211775,"['Fatigue', 'Fatigue']"
1,Mabmp,13,2.280880650610262e-05,0.5698221070003274,0.00012854531771293548,0.4300265388754537,[]
1,Mabmp,14,4.366251632566867e-06,0.5698221070003274,0.00014485508857531927,0.4300286716594649,[]
1,Mabmp,15,8.358242380543723e-07,0.5698221070003274,0.00014797724069825588,0.43002907993473655,"['Fatigue', 'Cough', 'Cough']"
1,Mabmp,16,1.404238417656299e-06,0.5698193713921234,0.00014993638907016656,0.43002928798038886,[]
1,Mabmp,17,2.359173879774917e-06,0.5698147754596355,0.00015322785873863085,0.4300296375077466,[]
1,Mabmp,18,3.963397643575415e-06,0.569807054302067,0.0001587575809371511,0.43003022471935237,[]
1,Mabmp,19,6.6581899739448026e-06,0.5697940833228412,0.00016804727747594763,0.43003121120970844,[]
2,Avyqull,0,0.0,1.0,0.0,0.0,"['Cough', 'Cough', 'Cough', 'Cough']"
2,Avyqull,1,0.0,1.0,0.0,0.0,['Cough']
2,Avyqull,2,0.0,1.0,0.0,0.0,['Cough']
2,Avyqull,3,0.0,1.0,0.0,0.0,[]
2,Avyqull,4,0.0,1.0,0.0,0.0,[]
2,Avyqull,5,0.0,1.0,0.0,0.0,[]
2,Avyqull,6,0.0,1.0,0.0,0.0,[]
2,Avyqull,7,0.0,0.41000000000000003,0.0,0.59,[]
2,Avyqull,8,0.0,0.41000000000000003,0.0,0.59,[]
2,Avyqull,9,0.0,0.41000000000000003,0.0,0.59,[]
2,Avyqull,10,0.0,0.41000000000000003,0.0,0.59,['Fatigue']
2,Avyqull,11,0.0,0.41000000000000003,0.0,0.59,[]
2,Avyqull,12,0.0,0.41000000000000003,0.0,0.59,"['Fatigue', 'Fatigue']"
2,Avyqull,13,0.0,0.41000000000000003,0.0,0.59,[]
2,Avyqull,14,0.0,0.41000000000000003,0.0,0.59,[]
2,Avyqull,15,0.0,0.41000000000000003,0.0,0.59,"['Fatigue', 'Cough', 'Cough']"
2,Avyqull,16,0.0,0.41000000000000003,0.0,0.59,[]
2,Avyqull,17,0.0,0.41000000000000003,0.0,0.59,[]
2,Avyqull,18,0.0,0.41000000000000003,0.0,0.59,[]
2,Avyqull,19,0.0,0.41000000000000003,0.0,0.59,[]
3,Gsjna,0,0.0,1.0,0.0,0.0,"['Cough', 'Cough', 'Cough', 'Cough']"
3,Gsjna,1,0.0,1.0,0.0,0.0,['Cough']
3,Gsjna,2,0.0,1.0,0.0,0.0,['Cough']
3,Gsjna,3,0.0,1.0,0.0,0.0,[]
3,Gsjna,4,0.0,1.0,0.0,0.0,[]
3,Gsjna,5,0.0,1.0,0.0,0.0,[]
3,Gsjna,6,0.0,1.0,0.0,0.0,[]
3,Gsjna,7,0.0,0.44999999999999996,0.0,0.55,[]
3,Gsjna,8,1.212332819304218e-06,0.4499987876671806,0.0,0.55,[]
3,Gsjna,9,8.414605285298045e-06,0.4499908474394328,0.0,0.5500007379552815,[]
3,Gsjna,10,5.839778986131663e-05,0.4499357425135593,0.0,0.5500058596965789,['Fatigue']
3,Gsjna,11,0.00018966830304004815,0.4497363207949369,4.592000233745237e-05,0.5500280908996847,[]
3,Gsjna,12,0.0006150973632935918,0.44908970919903335,0.00019495188648315352,0.5501002415511896,"['Fatigue', 'Fatigue']"
3,Gsjna,13,0.0001614305462908978,0.44908970919903335,0.000579997070712094,0.5501688631839634,[]
3,Gsjna,14,4.236698583170338e-05,0.44908970919903335,0.0006810510796317983,0.5501868727355028,[]
3,Gsjna,15,1.111909443228443e-05,0.44908970919903335,0.0007075724156645895,0.5501915992908694,"['Fatigue', 'Cough', 'Cough']"
3,Gsjna,16,1.9359382097739363e-05,0.4490578127894103,0.0007282377589471519,0.5501945900695442,[]
3,Gsjna,17,3.369966434062274e-05,0.44900228911843315,0.0007642144446976469,0.5501997967725283,[]
3,Gsjna,18,5.864169531586007e-05,0.4489056699958198,0.0008268295980546622,0.5502088587108094,[]
3,Gsjna,19,0.00010198141875884386,0.44873764089053525,0.0009357548430326673,0.5502246228476735,[]
4,Puy,0,0.0,1.0,0.0,0.0,"['Cough', 'Cough', 'Cough', 'Cough']"
4,Puy,1,0.0,1.0,0.0,0.0,['Cough']
4,Puy,2,1.0012816404998398e-05,0.999989987183595,0.0,0.0,['Cough']
4,Puy,3,0.0009844618846853233,0.998974739895746,0.0,4.0798219568800876e-05,[]
4,Puy,4,0.0881022364965701,0.9080271461353627,0.0,0.0038706173680668737,[]
4,Puy,5,0.8140754470221325,0.09100417787600684,0.0,0.09492037510186006,[]
4,Puy,6,0.7238998598444031,0.029016266952819895,0.0,0.24708387320277714,[]
4,Puy,7,0.6108473443819383,0.006284448741460564,0.0,0.38286820687660145,[]
4,Puy,8,0.5049136127372711,0.00276540703664857,0.0,0.49232098022608045,[]
4,Puy,9,0.415969281130404,0.001405508405283767,0.0,0.5826252104643121,[]
4,Puy,10,0.34273556845251923,0.0002165456757187834,0.0,0.6570478858717619,['Fatigue']
4,Puy,11,0.2310379667791273,6.746784864425515e-05,0.05601475302634299,0.7128798123458854,[]
4,Puy,12,0.1556927682547936,3.079063377381223e-05,0.09376730116682107,0.7505091399446108,"['Fatigue', 'Fatigue']"
4,Puy,13,0.07452050819153228,3.079063377381223e-05,0.1531507369827979,0.7722979641918948,[]
4,Puy,14,0.03566836278507269,3.079063377381223e-05,0.18157391851377166,0.782726928067381,[]
4,Puy,15,0.017072241382166536,3.079063377381223e-05,0.19517833929612946,0.7877186286879291,"['Fatigue', 'Cough', 'Cough']"
4,Puy,16,0.007184822523416374,2.9109269645625495e-05,0.20279728405633812,0.7899887841505985,[]
4,Puy,17,0.0030237032915357348,2.8429534506635023e-05,0.2060036947224428,0.7909441724515133,[]
4,Puy,18,0.0012725103680599958,2.814825854574219e-05,0.20735309809319302,0.7913462432801993,[]
4,Puy,19,0.0005355291096078642,2.8030722224015697e-05,0.2079209874737865,0.7915154526943802,[]
5,Cvddwf,0,0.0,1.0,0.0,0.0,"['Cough', 'Cough', 'Cough', 'Cough']"
5,Cvddwf,1,0.0,1.0,0.0,0.0,['Cough']
5,Cvddwf,2,0.0,1.0,0.0,0.0,['Cough']
5,Cvddwf,3,0.0,1.0,0.0,0.0,[]
5,Cvddwf,4,0.0,1.0,0.0,0.0,[]
5,Cvddwf,5,0.0,1.0,0.0,0.0,[]
5,Cvddwf,6,0.0,1.0,0.0,0.0,[]
5,Cvddwf,7,0.0,0.51,0.0,0.49,[]
5,Cvddwf,8,0.0,0.51,0.0,0.49,[]
5,Cvddwf,9,0.0,0.51,0.0,0.49,[]
5,Cvddwf,10,0.0,0.51,0.0,0.49,['Fatigue']
5,Cvddwf,11,0.0,0.51,0.0,0.49,[]
5,Cvddwf,12,0.0,0.51,0.0,0.49,"['Fatigue', 'Fatigue']"
5,Cvddwf,13,0.0,0.51,0.0,0.49,[]
5,Cvddwf,14,0.0,0.51,0.0,0.49,[]
5,Cvddwf,15,0.0,0.51,0.0,0.49,"['Fatigue', 'Cough', 'Cough']"
5,Cvddwf,16,0.0,0.51,0.0,0.49,[]
5,Cvddwf,17,0.0,0.51,0.0,0.49,[]
5,Cvddwf,18,0.0,0.51,0.0,0.49,[]
5,Cvddwf,19,0.0,0.51,0.0,0.49,[]
6,Ssuqrktd,0,0.0,1.0,0.0,0.0,"['Cough', 'Cough', 'Cough', 'Cough']"
6,Ssuqrktd,1,0.0,1.0,0.0,0.0,['Cough']
6,Ssuqrktd,2,0.0,1.0,0.0,0.0,['Cough']
6,Ssuqrktd,3,0.0,1.0,0.0,0.0,[]
6,Ssuqrktd,4,0.0,1.0,0.0,0.0,[]
6,Ssuqrktd,5,0.0,1.0,0.0,0.0,[]
6,Ssuqrktd,6,0.0,1.0,0.0,0.0,[]
6,Ssuqrktd,7,0.0,0.43000000000000005,0.0,0.57,[]
6,Ssuqrktd,8,3.2249637997813474e-06,0.42999677503620026,0.0,0.57,[]
6,Ssuqrktd,9,1.659083807773428e-05,0.42998218012106554,0.0,0.5700012290408559,[]
6,Ssuqrktd,10,8.533873144937491e-05,0.42990710989439035,0.0,0.5700075513741596,['Fatigue']
6,Ssuqrktd,11,0.00018937583198697796,0.42971146109460334,7.184818401591257e-05,0.5700273148893932,[]
6,Ssuqrktd,12,0.00041981076396653934,0.4292778339920021,0.00023120543407280855,0.570071149809958,"['Fatigue', 'Fatigue']"
6,Ssuqrktd,13,7.90382589629103e-05,0.4292778339920021,0.00054064425363606,0.5701024834953984,[]
6,Ssuqrktd,14,1.4880624595861934e-05,0.4292778339920021,0.0005989026587391912,0.5701083827246622,[]
6,Ssuqrktd,15,2.801592434707868e-06,0.4292778339920021,0.0006098710361714434,0.5701094933793909,"['Fatigue', 'Cough', 'Cough']"
6,Ssuqrktd,16,2.26604747542234e-06,0.42927328464136144,0.0006145695723073764,0.5701098797388545,[]
6,Ssuqrktd,17,1.832844257786028e-06,0.4292696049992077,0.000618369916330177,0.5701101922402033,[]
6,Ssuqrktd,18,1.4824363798684545e-06,0.42926662884263445,0.0006214437224636519,0.5701104449985211,[]
6,Ssuqrktd,19,1.1990068540731696e-06,0.4292642217038793,0.0006239298565537282,0.5701106494327123,[]
7,Wpb,0,0.0,1.0,0.0,0.0,"['Cough', 'Cough', 'Cough', 'Cough']"
7,Wpb,1,0.0,1.0,0.0,0.0,['Cough']
7,Wpb,2,0.0,1.0,0.0,0.0,['Cough']
7,Wpb,3,0.0,1.0,0.0,0.0,[]
7,Wpb,4,4.989820765638099e-06,0.9999950101792343,0.0,0.0,[]
7,Wpb,5,0.0002604778286034361,0.9997294469970812,0.0,1.0075174315154443e-05,[]
7,Wpb,6,0.013415095831279212,0.9860523559024413,0.0,0.0005325482662793961,[]
7,Wpb,7,0.40596634437002077,0.29796397643958916,0.0,0.29606967919039,[]
7,Wpb,8,0.530972191132647,0.14599235654845358,0.0,0.32303545231889924,[]
7,Wpb,9,0.5179736722851326,0.0749268550213161,0.0,0.40709947269355085,[]
7,Wpb,10,0.4737584236093347,0.039986375274455865,0.0,0.4862552011162093,['Fatigue']
7,Wpb,11,0.3491708179768177,0.009334795744314008,0.08955097330230381,0.551943412976564,[]
7,Wpb,12,0.24429856386211687,0.003309040577676383,0.1535233824464648,0.598869013113742,"['Fatigue', 'Fatigue']"
7,Wpb,13,0.11504102994420494,0.003309040577676383,0.25529889295038144,0.6263510365277373,[]
7,Wpb,14,0.05417321478030885,0.003309040577676383,0.3032253292190614,0.6392924154229539,[]
7,Wpb,15,0.025510352272200845,0.003309040577676383,0.3257940521077318,0.6453865550423915,"['Fatigue', 'Cough', 'Cough']"
7,Wpb,16,0.010569063255081067,0.0030808348061684265,0.33823541340044466,0.6481146885383063,[]
7,Wpb,17,0.004376062868273446,0.0029910102446877463,0.3433883137580182,0.6492446131290209,[]
7,Wpb,18,0.0018114301398058608,0.002954597800671821,0.3455215781270989,0.6497123939324241,[]
7,Wpb,19,0.0007497477432049548,0.0029396565705936996,0.34640457810187875,0.6499060175843228,[]
8,Jyudawpc,0,0.0,1.0,0.0,0.0,"['Cough', 'Cough', 'Cough', 'Cough']"
8,Jyudawpc,1,0.0,1.0,0.0,0.0,['Cough']
8,Jyudawpc,2,0.0,1.0,0.0,0.0,['Cough']
8,Jyudawpc,3,0.0,1.0,0.0,0.0,[]
8,Jyudawpc,4,0.0,1.0,0.0,0.0,[]
8,Jyudawpc,5,0.0,1.0,0.0,0.0,[]
8,Jyudawpc,6,0.0,1.0,0.0,0.0,[]
8,Jyudawpc,7,0.0,0.49,0.0,0.51,[]
8,Jyudawpc,8,1.1888881755559835e-06,0.4899988111118244,0.0,0.51,[]
8,Jyudawpc,9,1.7770037330300707e-05,0.4899813514176718,0.0,0.5100008785449974,[]
8,Jyudawpc,10,0.00026546943789332626,0.4897205238989706,0.0,0.5100140066631355,['Fatigue']
8,Jyudawpc,11,0.001471708452800377,0.48804031546917404,0.0003723661426563319,0.5101156099353685,[]
8,Jyudawpc,12,0.007988028515823989,0.47892376871514225,0.0024151907480974458,0.510673012020936,"['Fatigue', 'Fatigue']"
8,Jyudawpc,13,0.001599025341544922,0.47892376871514225,0.008221029811630164,0.5112561761316824,[]
8,Jyudawpc,14,0.0003200892482841997,0.47892376871514225,0.009383229442381317,0.511372912594192,[]
8,Jyudawpc,15,6.407473615656005e-05,0.47892376871514225,0.00961587591551593,0.5113962806331853,"['Fatigue', 'Cough', 'Cough']"
8,Jyudawpc,16,0.00015412461594552042,0.4786356145627425,0.009799039925287505,0.5114112208960246,[]
8,Jyudawpc,17,0.00036973735265346375,0.47794411554511035,0.010239036691942118,0.5114471104102938,[]
8,Jyudawpc,18,0.0008813121202256911,0.4762945301838461,0.011291222900527564,0.5115329347954001,[]
8,Jyudawpc,19,0.002069036786708082,0.47241455360570683,0.013780435520501445,0.5117359740870836,[]
9,Ooxl,0,0.0,1.0,0.0,0.0,"['Cough', 'Cough', 'Cough', 'Cough']"
9,Ooxl,1,0.0,1.0,0.0,0.0,['Cough']
9,Ooxl,2,0.0,1.0,0.0,0.0,['Cough']
9,Ooxl,3,0.0,1.0,0.0,0.0,[]
9,Ooxl,4,0.0,1.0,0.0,0.0,[]
9,Ooxl,5,0.0,1.0,0.0,0.0,[]
9,Ooxl,6,0.0,1.0,0.0,0.0,[]
9,Ooxl,7,0.0,0.31999999999999995,0.0,0.68,[]
9,Ooxl,8,0.0,0.31999999999999995,0.0,0.68,[]
9,Ooxl,9,0.0,0.31999999999999995,0.0,0.68,[]
9,Ooxl,10,0.0,0.31999999999999995,0.0,0.68,['Fatigue']
9,Ooxl,11,0.0,0.31999999999999995,0.0,0.68,[]
9,Ooxl,12,0.0,0.31999999999999995,0.0,0.68,"['Fatigue', 'Fatigue']"
9,Ooxl,13,0.0,0.31999999999999995,0.0,0.68,[]
9,Ooxl,14,0.0,0.31999999999999995,0.0,0.68,[]
9,Ooxl,15,0.0,0.31999999999999995,0.0,0.68,"['Fatigue', 'Cough', 'Cough']"
9,Ooxl,16,0.0,0.31999999999999995,0.0,0.68,[]
9,Ooxl,17,0.0,0.31999999999999995,0.0,0.68,[]
9,Ooxl,18,0.0,0.31999999999999995,0.0,0.68,[]
9,Ooxl,19,0.0,0.31999999999999995,0.0,0.68,[]
10,Tmoub,0,0.0,1.0,0.0,0.0,"['Cough', 'Cough', 'Cough', 'Cough']"
10,Tmoub,1,0.0,1.0,0.0,0.0,['Cough']
10,Tmoub,2,0.0,1.0,0.0,0.0,['Cough']
10,Tmoub,3,0.0,1.0,0.0,0.0,[]
10,Tmoub,4,0.0,1.0,0.0,0.0,[]
10,Tmoub,5,0.0,1.0,0.0,0.0,[]
10,Tmoub,6,0.0,1.0,0.0,0.0,[]
10,Tmoub,7,0.0,0.5900000000000001,0.0,0.41,[]
10,Tmoub,8,1.4752569897676175e-06,0.5899985247430102,0.0,0.41,[]
10,Tmoub,9,1.3471675321017593e-05,0.5899855682971951,0.0,0.41000096002748326,[]
10,Tmoub,10,0.00012299674350636569,0.5898672773152075,0.0,0.4100097259412849,['Fatigue']
10,Tmoub,11,0.0006249794477562257,0.5892499399007105,6.046662599883149e-05,0.41006461402553307,[]
10,Tmoub,12,0.0031593549754157456,0.5861309079566619,0.00036693179583829834,0.41034280527208317,"['Fatigue', 'Fatigue']"
10,Tmoub,13,0.0015392267368606323,0.5861309079566619,0.0015812777703682595,0.4107485875361083,[]
10,Tmoub,14,0.0007499059035475622,0.5861309079566619,0.002172902898389725,0.41094628324140003,[]
10,Tmoub,15,0.00036535154354351877,0.5861309079566619,0.0024611405995456047,0.411042599900248,"['Fatigue', 'Cough', 'Cough']"
10,Tmoub,16,0.0017046445633385305,0.5840626854285301,0.0030344876843972418,0.41119818232373323,[]
10,Tmoub,17,0.007799745534933885,0.5745992602068604,0.005683878150180342,0.41191711610802456,[]
10,Tmoub,18,0.032759993022279124,0.5348698358144458,0.017300727828143667,0.41506944333513035,[]
10,Tmoub,19,0.10121119537729648,0.41334185106753507,0.05904882295895419,0.42639813059621307,[]
11,Axlqasr,0,0.0,1.0,0.0,0.0,"['Cough', 'Cough', 'Cough', 'Cough']"
11,Axlqasr,1,0.0,1.0,0.0,0.0,['Cough']
11,Axlqasr,2,0.0,1.0,0.0,0.0,['Cough']
11,Axlqasr,3,0.0,1.0,0.0,0.0,[]
11,Axlqasr,4,0.0,1.0,0.0,0.0,[]
11,Axlqasr,5,0.0,1.0,0.0,0.0,[]
11,Axlqasr,6,0.0,1.0,0.0,0.0,[]
11,Axlqasr,7,1.0052029303675826e-06,0.5399989947970696,0.0,0.46,[]
11,Axlqasr,8,1.404429912256525e-05,0.5399850500306863,0.0,0.46000090567019175,[]
11,Axlqasr,9,0.00019615296942617546,0.5397902898669373,0.0,0.4600135571636372,[]
11,Axlqasr,10,0.0027263324651388694,0.5370838329179727,0.0,0.4601898346168898,['Fatigue']
11,Axlqasr,11,0.018281632762623595,0.5180840450114629,0.0019302599828841876,0.4617040622430309,[]
11,Axlqasr,12,0.09844721020584554,0.41723761864412956,0.013519622355878926,0.47079554879414737,"['Fatigue', 'Fatigue']"
11,Axlqasr,13,0.04275503879035228,0.41723761864412956,0.05673279376680396,0.4832745487987157,[]
11,Axlqasr,14,0.01856825945745274,0.41723761864412956,0.07550001750087515,0.48869410439754374,[]
11,Axlqasr,15,0.008064084819800999,0.41723761864412956,0.0836505113245162,0.4910477852115542,"['Fatigue', 'Cough', 'Cough']"
11,Axlqasr,16,0.025414440652147256,0.3848967980727532,0.09579338606102351,0.4938953752140769,[]
11,Axlqasr,17,0.06071614970255144,0.30854035165630195,0.12904936189999391,0.5016941367411538,[]
11,Axlqasr,18,0.08841026804760146,0.2050649497880528,0.1904352261286103,0.5160895560357367,[]
11,Axlqasr,19,0.07880343026632079,0.12966880034201475,0.25929103841325674,0.5322367309784086,[]
12,Rpfe,0,0.0,1.0,0.0,0.0,"['Cough', 'Cough', 'Cough', 'Cough']"
12,Rpfe,1,0.0,1.0,0.0,0.0,['Cough']
12,Rpfe,2,0.0,1.0,0.0,0.0,['Cough']
12,Rpfe,3,0.0,1.0,0.0,0.0,[]
12,Rpfe,4,0.0,1.0,0.0,0.0,[]
12,Rpfe,5,0.0,1.0,0.0,0.0,[]
12,Rpfe,6,0.0,1.0,0.0,0.0,[]
12,Rpfe,7,0.0,0.5700000000000001,0.0,0.43,[]
12,Rpfe,8,0.0,0.5700000000000001,0.0,0.43,[]
12,Rpfe,9,0.0,0.5700000000000001,0.0,0.43,[]
12,Rpfe,10,1.0148400053989489e-06,0.5699989851599946,0.0,0.43,['Fatigue']
12,Rpfe,11,4.897554479743133e-06,0.5699936355304832,1.1110365199824649e-06,0.4300003558785168,[]
12,Rpfe,12,2.363414100448383e-05,0.5699678198739274,6.472700376010322e-06,0.430002073284692,"['Fatigue', 'Fatigue']"
12,Rpfe,13,5.883830129629934e-06,0.5699678198739274,2.2350779193900792e-05,0.4300039455167489,[]
12,Rpfe,14,1.4648070766681571e-06,0.5699678198739274,2.6303701304825748e-05,0.43000441161769076,[]
12,Rpfe,15,3.6467058439568953e-07,0.5699678198739274,2.728779978388314e-05,0.430004527655704,"['Fatigue', 'Cough', 'Cough']"
12,Rpfe,16,9.33529494440943e-07,0.5699662429765248,2.8207749956308974e-05,0.4300046157440241,[]
12,Rpfe,17,2.3897375496248896e-06,0.5699622062802476,3.0562739971123895e-05,0.4300048412422313,[]
12,Rpfe,18,6.117291779744101e-06,0.5699518730460703,3.6591176831965285e-05,0.430005418485318,[]
12,Rpfe,19,1.5657933984297098e-05,0.5699254237188622,5.2022281692314356e-05,0.4300068960654614,[]
13,Pajwdvp,0,0.0,1.0,0.0,0.0,"['Cough', 'Cough', 'Cough', 'Cough']"
13,Pajwdvp,1,0.0,1.0,0.0,0.0,['Cough']
13,Pajwdvp,2,0.0,1.0,0.0,0.0,['Cough']
13,Pajwdvp,3,0.0,1.0,0.0,0.0,[]
13,Pajwdvp,4,0.0,1.0,0.0,0.0,[]
13,Pajwdvp,5,0.0,1.0,0.0,0.0,[]
13,Pajwdvp,6,0.0,1.0,0.0,0.0,[]
13,Pajwdvp,7,0.0,0.36,0.0,0.64,[]
13,Pajwdvp,8,0.0,0.36,0.0,0.64,[]
13,Pajwdvp,9,0.0,0.36,0.0,0.64,[]
13,Pajwdvp,10,5.182501800919376e-06,0.35999481749819906,0.0,0.64,['Fatigue']
13,Pajwdvp,11,1.4511640499830557e-05,0.3599812919500875,2.846579820249968e-06,0.6400013498295923,[]
13,Pajwdvp,12,4.063042947873132e-05,0.3599434232641806,1.0816969788784679e-05,0.640005129336551,"['Fatigue', 'Fatigue']"
13,Pajwdvp,13,1.4733366744095595e-05,0.3599434232641806,3.286528611868004e-05,0.6400089780829559,[]
13,Pajwdvp,14,5.342599091394104e-06,0.3599434232641806,4.086042510061541e-05,0.6400103737116267,[]
13,Pajwdvp,15,1.937328076273122e-06,0.3599434232641806,4.375961460715336e-05,0.6400108797931348,"['Fatigue', 'Cough', 'Cough']"
13,Pajwdvp,16,3.4679573236866053e-06,0.3599387130043871,4.6544478754958976e-05,0.640011274559533,[]
13,Pajwdvp,17,6.207697978093294e-06,0.35993028158426454,5.152950889065461e-05,0.6400119812088655,[]
13,Pajwdvp,18,1.1111247575285487e-05,0.3599151901246434,6.0452540971348395e-05,0.6400132460868091,[]
13,Pajwdvp,19,1.9886165952561574e-05,0.35988818063456623,7.642320304745645e-05,0.6400155099964329,[]
14,Wyy,0,0.0,1.0,0.0,0.0,"['Cough', 'Cough', 'Cough', 'Cough']"
14,Wyy,1,0.0,1.0,0.0,0.0,['Cough']
14,Wyy,2,0.0,1.0,0.0,0.0,['Cough']
14,Wyy,3,0.0,1.0,0.0,0.0,[]
14,Wyy,4,0.0,1.0,0.0,0.0,[]
14,Wyy,5,0.0,1.0,0.0,0.0,[]
14,Wyy,6,0.0,1.0,0.0,0.0,[]
14,Wyy,7,7.921670521879654e-06,0.42999207832947817,0.0,0.57,[]
14,Wyy,8,8.274784078599363e-05,0.4299122376695384,0.0,0.5700050144896753,[]
14,Wyy,9,0.0008627865056995996,0.42907986600900566,0.0,0.5700573474852948,[]
14,Wyy,10,0.008827962894197244,0.4205740866769902,0.0,0.5705979504288122,['Fatigue']
14,Wyy,11,0.04130845680223293,0.3788456221843026,0.005866721074008007,0.5739791999394566,[]
14,Wyy,12,0.13100154943880002,0.25373207933219744,0.028336721365230716,0.5869296498637717,"['Fatigue', 'Fatigue']"
14,Wyy,13,0.052438559309720974,0.25373207933219744,0.09314894291276785,0.6006804184453136,[]
14,Wyy,14,0.020990610525288094,0.25373207933219744,0.11909260188607682,0.6061847082564373,[]
14,Wyy,15,0.008402323328945015,0.25373207933219744,0.12947757905322552,0.6083880182856317,"['Fatigue', 'Cough', 'Cough']"
14,Wyy,16,0.01208413493387761,0.2389481998518012,0.1389479824991595,0.6100196827151616,[]
14,Wyy,17,0.01573879946247358,0.2201000956176165,0.1519084512476346,0.6122526536722747,[]
14,Wyy,18,0.018206050544516243,0.19898937298097247,0.16781190267987472,0.6149926737946356,[]
14,Wyy,19,0.018598885545011084,0.17833905380238735,0.18509215624327907,0.6179699044093215,[]
15,Bob,0,0.0,1.0,0.0,0.0,"['Cough', 'Cough', 'Cough', 'Cough']"
15,Bob,1,0.0,1.0,0.0,0.0,['Cough']
15,Bob,2,0.0,1.0,0.0,0.0,['Cough']
15,Bob,3,0.0,1.0,0.0,0.0,[]
15,Bob,4,0.0,1.0,0.0,0.0,[]
15,Bob,5,0.0,1.0,0.0,0.0,[]
15,Bob,6,0.0,1.0,0.0,0.0,[]
15,Bob,7,0.0,0.6,0.0,0.4,[]
15,Bob,8,0.0,0.6,0.0,0.4,[]
15,Bob,9,0.0,0.6,0.0,0.4,[]
15,Bob,10,0.0,0.6,0.0,0.4,['Fatigue']
15,Bob,11,0.0,0.6,0.0,0.4,[]
15,Bob,12,0.0,0.6,0.0,0.4,"['Fatigue', 'Fatigue']"
15,Bob,13,0.0,0.6,0.0,0.4,[]
15,Bob,14,0.0,0.6,0.0,0.4,[]
15,Bob,15,0.0,0.6,0.0,0.4,"['Fatigue', 'Cough', 'Cough']"
15,Bob,16,0.0,0.6,0.0,0.4,[]
15,Bob,17,0.0,0.6,0.0,0.4,[]
15,Bob,18,0.0,0.6,0.0,0.4,[]
15,Bob,19,1.9084370091738566e-06,0.5999980915629908,0.0,0.4,[]
16,Dtf,0,0.0,1.0,0.0,0.0,"['Cough', 'Cough', 'Cough', 'Cough']"
16,Dtf,1,0.0,1.0,0.0,0.0,['Cough']
16,Dtf,2,0.0,1.0,0.0,0.0,['Cough']
16,Dtf,3,0.0,1.0,0.0,0.0,[]
16,Dtf,4,0.0,1.0,0.0,0.0,[]
16,Dtf,5,0.0,1.0,0.0,0.0,[]
16,Dtf,6,0.0,1.0,0.0,0.0,[]
16,Dtf,7,1.191369717764514e-05,0.3099880863028224,0.0,0.69,[]
16,Dtf,8,3.610171745607762e-05,0.30996055283992646,0.0,0.6900033454426175,[]
16,Dtf,9,0.00010937574177335903,0.309877142239256,0.0,0.6900134820189707,[]
16,Dtf,10,0.0003311671062516938,0.3096246498821002,0.0,0.6900441830116484,['Fatigue']
16,Dtf,11,0.0004699498245337167,0.30920598184165654,0.00021877916898357198,0.6901052891648269,[]
16,Dtf,12,0.0006657579836532231,0.30861333102062777,0.0005289808870274593,0.6901919301086922,"['Fatigue', 'Fatigue']"
16,Dtf,13,0.00012504480745653603,0.30861333102062777,0.001019282455832156,0.6902423417160841,[]
16,Dtf,14,2.3486318235406558e-05,0.30861333102062777,0.0011113724746861478,0.6902518101864514,[]
16,Dtf,15,4.411275889616782e-06,0.30861333102062777,0.0011286691184501131,0.690253588585033,"['Fatigue', 'Cough', 'Cough']"
16,Dtf,16,2.0754986463184054e-06,0.3086094021679079,0.0011344509918973255,0.6902540713415489,[]
16,Dtf,17,9.765078237888483e-07,0.30860755367645076,0.0011371713392489785,0.690254298476477,[]
16,Dtf,18,4.5943773859436714e-07,0.30860668398010416,0.0011384512405452766,0.6902544053416129,[]
16,Dtf,19,2.1616058438090862e-07,0.3086062747975232,0.0011390534213032,0.6902544556205901,[]
17,Rpvj,0,1.2384038955232937e-06,0.9999987615961045,0.0,0.0,"['Cough', 'Cough', 'Cough', 'Cough']"
17,Rpvj,1,0.00013669204778376064,0.9998576745020632,0.0,5.6334501530623715e-06,['Cough']
17,Rpvj,2,0.01569114610006012,0.9836584306701124,0.0,0.0006504232298274067,['Cough']
17,Rpvj,3,0.6249819680918149,0.3320262645682334,0.0,0.042991767339950915,[]
17,Rpvj,4,0.6719609897748058,0.2454863017247464,0.0,0.08255270850044755,[]
17,Rpvj,5,0.6935995871639872,0.08420079541404314,0.0,0.22219961742196953,[]
17,Rpvj,6,0.6151854394073163,0.030637592536936098,0.0,0.3541769680557471,[]
17,Rpvj,7,0.519225779592479,0.0067966121187773825,0.0,0.4739776082887429,[]
17,Rpvj,8,0.427961490588355,0.003292033647882534,0.0,0.568746475763762,[]
17,Rpvj,9,0.35265410002744496,0.0004430277387187593,0.0,0.6469028722338364,[]
17,Rpvj,10,0.2888566000638375,8.565131303862986e-05,0.0,0.711057748623124,['Fatigue']
17,Rpvj,11,0.1900904581075193,3.1169597667874514e-05,0.051355498884789026,0.758522873410024,[]
17,Rpvj,12,0.12507851905998374,1.604577764488576e-05,0.08514902426943745,0.7897564108929346,"['Fatigue', 'Fatigue']"
17,Rpvj,13,0.056488791221294486,1.604577764488576e-05,0.13632650372861632,0.8071686592724443,[]
17,Rpvj,14,0.025511842941734045,1.604577764488576e-05,0.15943961678854335,0.8150324944920775,[]
17,Rpvj,15,0.011521827892085505,1.604577764488576e-05,0.16987811436533548,0.8185840119649347,"['Fatigue', 'Cough', 'Cough']"
17,Rpvj,16,0.004516313389525746,1.544317838870721e-05,0.17536754568171414,0.8201006977503712,[]
17,Rpvj,17,0.0017702960116282372,1.5213222546311394e-05,0.17751928478302692,0.8206952059827982,[]
17,Rpvj,18,0.0006939167623505504,1.5124026256768916e-05,0.17836271910054044,0.8209282401108517,[]
17,Rpvj,19,0.00027199989504462444,1.5089206802870214e-05,0.17869332659248455,0.8210195843056676,[]
18,Bvkg,0,0.0,1.0,0.0,0.0,"['Cough', 'Cough', 'Cough', 'Cough']"
18,Bvkg,1,0.0,1.0,0.0,0.0,['Cough']
18,Bvkg,2,0.0,1.0,0.0,0.0,['Cough']
18,Bvkg,3,0.0,1.0,0.0,0.0,[]
18,Bvkg,4,0.0,1.0,0.0,0.0,[]
18,Bvkg,5,0.0,1.0,0.0,0.0,[]
18,Bvkg,6,0.0,1.0,0.0,0.0,[]
18,Bvkg,7,0.0,0.51,0.0,0.49,[]
18,Bvkg,8,0.0,0.51,0.0,0.49,[]
18,Bvkg,9,0.0,0.51,0.0,0.49,[]
18,Bvkg,10,0.0,0.51,0.0,0.49,['Fatigue']
18,Bvkg,11,0.0,0.51,0.0,0.49,[]
18,Bvkg,12,0.0,0.51,0.0,0.49,"['Fatigue', 'Fatigue']"
18,Bvkg,13,0.0,0.51,0.0,0.49,[]
18,Bvkg,14,0.0,0.51,0.0,0.49,[]
18,Bvkg,15,0.0,0.51,0.0,0.49,"['Fatigue', 'Cough', 'Cough']"
18,Bvkg,16,0.0,0.51,0.0,0.49,[]
18,Bvkg,17,0.0,0.51,0.0,0.49,[]
18,Bvkg,18,0.0,0.51,0.0,0.49,[]
18,Bvkg,19,0.0,0.51,0.0,0.49,[]
19,Ryex,0,0.0,1.0,0.0,0.0,"['Cough', 'Cough', 'Cough', 'Cough']"
19,Ryex,1,0.0,1.0,0.0,0.0,['Cough']
19,Ryex,2,0.0,1.0,0.0,0.0,['Cough']
19,Ryex,3,0.0,1.0,0.0,0.0,[]
19,Ryex,4,0.0,1.0,0.0,0.0,[]
19,Ryex,5,0.0,1.0,0.0,0.0,[]
19,Ryex,6,0.0,1.0,0.0,0.0,[]
19,Ryex,7,0.0,0.39,0.0,0.61,[]
19,Ryex,8,2.8307201068879914e-06,0.38999716927989314,0.0,0.61,[]
19,Ryex,9,1.6170813307076762e-05,0.3899823942049419,0.0,0.6100014349817509,[]
19,Ryex,10,9.235967778836057e-05,0.38989800862912827,0.0,0.6100096316930834,['Fatigue']
19,Ryex,11,0.00026008490162760705,0.3896361445293947,6.362619102254836e-05,0.610040144377955,[]
19,Ryex,12,0.0007310212612823783,0.3889003598814296,0.00024263074810870164,0.6101259881091787,"['Fatigue', 'Fatigue']"
19,Ryex,13,0.00020493106536054688,0.3889003598814296,0.0006897826297580715,0.6102049264234511,[]
19,Ryex,14,5.744941190374796e-05,0.3889003598814296,0.0008151350871183806,0.6102270556195474,[]
19,Ryex,15,1.6105098181575618e-05,0.3889003598814296,0.0008502758059906978,0.6102332592143976,"['Fatigue', 'Cough', 'Cough']"
19,Ryex,16,2.4564197810740543e-05,0.38886153756385705,0.000876831959281982,0.6102370662790492,[]
19,Ryex,17,3.745740923275318e-05,0.3888023385405271,0.0009173317587967292,0.6102428722914425,[]
19,Ryex,18,5.709712445830189e-05,0.3887121008686556,0.0009790778544269687,0.6102517241524585,[]
19,Ryex,19,8.698592249139144e-05,0.3885746277526486,0.001073172809883597,0.6102652135149751,[]
