City id,City Name,turn,Infected,Healthy,Dead,Recovered,Actions
0,Hkblkg,0,0.0,1.0,0.0,0.0,"['Fatigue', 'Cough', 'Cough', 'Cough']"
0,Hkblkg,1,0.0,1.0,0.0,0.0,[]
0,Hkblkg,2,0.0,1.0,0.0,0.0,[]
0,Hkblkg,3,0.0,1.0,0.0,0.0,[]
0,Hkblkg,4,0.0,1.0,0.0,0.0,"['Fatigue', 'Cough']"
0,Hkblkg,5,0.0,1.0,0.0,0.0,[]
0,Hkblkg,6,0.0,1.0,0.0,0.0,[]
0,Hkblkg,7,0.0,1.0,0.0,0.0,[]
0,Hkblkg,8,0.0,1.0,0.0,0.0,"['Cough', 'Cough']"
0,Hkblkg,9,0.0,1.0,0.0,0.0,[]
0,Hkblkg,10,0.0,1.0,0.0,0.0,[]
0,Hkblkg,11,0.0,0.6,0.0,0.4,[]
0,Hkblkg,12,1.0110497628582782e-06,0.5999989889502371,0.0,0.4,"['Cough', 'Cough', 'Cough']"
0,Hkblkg,13,1.1460350195303366e-05,0.5999859802993289,1.9385702415685504e-06,0.40000062078023435,[]
0,Hkblkg,14,0.00012986885601012232,0.5998385651913283,2.3909510265251555e-05,0.40000765644239594,[]
0,Hkblkg,15,0.0014671492674984568,0.598173080233668,0.00027250679006168794,0.4000872637087716,[]
0,Hkblkg,16,0.016016715909527322,0.5799779368868078,0.003033834939475152,0.4009715122641897,[]
0,Hkblkg,17,0.1270168399997654,0.43512006654098107,0.028679255508284467,0.40918383795096946,"['Cough', 'Cough', 'Cough']"
0,Hkblkg,18,0.28919596020840244,0.1381072431411191,0.13065767209863008,0.4420391245518492,[]
0,Hkblkg,19,0.22995905948771345,0.03448916400785735,0.25382934643738975,0.4817224300670407,[]
1,Mabmp,0,0.0,1.0,0.0,0.0,"['Fatigue', 'Cough', 'Cough', 'Cough']"
1,Mabmp,1,0.0,1.0,0.0,0.0,[]
1,Mabmp,2,0.0,1.0,0.0,0.0,[]
1,Mabmp,3,0.0,1.0,0.0,0.0,[]
1,Mabmp,4,0.0,1.0,0.0,0.0,"['Fatigue', 'Cough']"
1,Mabmp,5,0.0,1.0,0.0,0.0,[]
1,Mabmp,6,0.0,1.0,0.0,0.0,[]
1,Mabmp,7,0.0,1.0,0.0,0.0,[]
1,Mabmp,8,0.0,1.0,0.0,0.0,"['Cough', 'Cough']"
1,Mabmp,9,0.0,1.0,0.0,0.0,[]
1,Mabmp,10,0.0,1.0,0.0,0.0,[]
1,Mabmp,11,0.0,0.5700000000000001,0.0,0.43,[]
1,Mabmp,12,0.0,0.5700000000000001,0.0,0.43,"['Cough', 'Cough', 'Cough']"
1,Mabmp,13,0.0,0.5700000000000001,0.0,0.43,[]
1,Mabmp,14,0.0,0.5700000000000001,0.0,0.43,[]
1,Mabmp,15,0.0,0.5700000000000001,0.0,0.43,[]
1,Mabmp,16,0.0,0.5700000000000001,0.0,0.43,[]
1,Mabmp,17,0.0,0.5700000000000001,0.0,0.43,"['Cough', 'Cough', 'Cough']"
1,Mabmp,18,0.0,0.5700000000000001,0.0,0.43,[]
1,Mabmp,19,0.0,0.5700000000000001,0.0,0.43,[]
2,Avyqull,0,0.0,1.0,0.0,0.0,"['Fatigue', 'Cough', 'Cough', 'Cough']"
2,Avyqull,1,0.0,1.0,0.0,0.0,[]
2,Avyqull,2,0.0,1.0,0.0,0.0,[]
2,Avyqull,3,0.0,1.0,0.0,0.0,[]
2,Avyqull,4,0.0,1.0,0.0,0.0,"['Fatigue', 'Cough']"
2,Avyqull,5,0.0,1.0,0.0,0.0,[]
2,Avyqull,6,1.4597005862157554e-06,0.9999985402994138,0.0,0.0,[]
2,Avyqull,7,6.0663465024620677e-05,0.9999203073858872,1.6586441141375704e-05,2.4427079469293105e-06,[]
2,Avyqull,8,0.002510956955430859,0.9966807467921833,0.0007045379776454272,0.0001037582747401381,"['Cough', 'Cough']"
2,Avyqull,9,0.10966984881471505,0.8537436919156028,0.0318846189692475,0.004701840300434678,[]
2,Avyqull,10,0.4253235183673249,0.17677035454208942,0.3467687705414816,0.05113735654910401,[]
2,Avyqull,11,0.20983301571380072,0.015477011979773553,0.6557201928897216,0.11896977941670406,[]
2,Avyqull,12,0.06504138442411449,0.007997291148786504,0.7884221734114172,0.13853915101568162,"['Cough', 'Cough', 'Cough']"
2,Avyqull,13,0.019773459850611932,0.006527811212018816,0.8291355643010562,0.144563164636313,[]
2,Avyqull,14,0.005985389166084577,0.006138198018916619,0.8414858775387715,0.1463905352762269,[]
2,Avyqull,15,0.0018095893385175626,0.0060250069471208595,0.8452220576890724,0.1469433460252887,[]
2,Avyqull,16,0.0005469075490655845,0.005991206445027074,0.8463514355582606,0.1471104504476463,[]
2,Avyqull,17,0.00016527292294707144,0.005981029126230592,0.8466927466138424,0.14716095133697954,"['Cough', 'Cough', 'Cough']"
2,Avyqull,18,4.989482255546845e-05,0.005977957836008487,0.8467958479411051,0.14717629940033056,[]
2,Avyqull,19,1.5062777551140843e-05,0.0059770309496777205,0.8468269734138753,0.14718093285889575,[]
3,Gsjna,0,0.0,1.0,0.0,0.0,"['Fatigue', 'Cough', 'Cough', 'Cough']"
3,Gsjna,1,0.0,1.0,0.0,0.0,[]
3,Gsjna,2,0.0,1.0,0.0,0.0,[]
3,Gsjna,3,0.0,1.0,0.0,0.0,[]
3,Gsjna,4,0.0,1.0,0.0,0.0,"['Fatigue', 'Cough']"
3,Gsjna,5,0.0,1.0,0.0,0.0,[]
3,Gsjna,6,0.0,1.0,0.0,0.0,[]
3,Gsjna,7,0.0,1.0,0.0,0.0,[]
3,Gsjna,8,1.212332819304218e-06,0.9999987876671806,0.0,0.0,"['Cough', 'Cough']"
3,Gsjna,9,4.942359769820029e-05,0.9999378298600347,1.0183549594740647e-05,2.5629926722899618e-06,[]
3,Gsjna,10,0.002008934543081914,0.9974594272506748,0.0004247398177726554,0.00010689838846990111,[]
3,Gsjna,11,0.07285798098342106,0.40800351083685193,0.016352067182904762,0.5027864409968212,[]
3,Gsjna,12,0.12915651553049298,0.24719763818488608,0.0998457424330352,0.5238001038515847,"['Cough', 'Cough', 'Cough']"
3,Gsjna,13,0.1150382662436397,0.13364196557699656,0.20177930621597748,0.5495404619633854,[]
3,Gsjna,14,0.07037223299222495,0.0854907372406514,0.27588366608685244,0.568253363680271,[]
3,Gsjna,15,0.036989726012085,0.06643786163637984,0.3177475435007348,0.5788248688507996,[]
3,Gsjna,16,0.018283372933952064,0.058434971531976854,0.33907193224932913,0.5842097232847407,[]
3,Gsjna,17,0.008800972517253706,0.054890078320909905,0.34947279129883563,0.5868361578629993,"['Cough', 'Cough', 'Cough']"
3,Gsjna,18,0.004181302485178564,0.05327157937447556,0.3544471656642127,0.5880999524761317,[]
3,Gsjna,19,0.001975668244271586,0.05252153728195618,0.35680404965308826,0.5886987448206823,[]
4,Puy,0,0.0,1.0,0.0,0.0,"['Fatigue', 'Cough', 'Cough', 'Cough']"
4,Puy,1,0.0,1.0,0.0,0.0,[]
4,Puy,2,0.0,1.0,0.0,0.0,[]
4,Puy,3,0.0,1.0,0.0,0.0,[]
4,Puy,4,0.0,1.0,0.0,0.0,"['Fatigue', 'Cough']"
4,Puy,5,0.0,1.0,0.0,0.0,[]
4,Puy,6,0.0,1.0,0.0,0.0,[]
4,Puy,7,0.0,1.0,0.0,0.0,[]
4,Puy,8,0.0,1.0,0.0,0.0,"['Cough', 'Cough']"
4,Puy,9,0.0,1.0,0.0,0.0,[]
4,Puy,10,0.0,1.0,0.0,0.0,[]
4,Puy,11,0.0,0.5800000000000001,0.0,0.42,[]
4,Puy,12,0.0,0.5800000000000001,0.0,0.42,"['Cough', 'Cough', 'Cough']"
4,Puy,13,0.0,0.5800000000000001,0.0,0.42,[]
4,Puy,14,0.0,0.5800000000000001,0.0,0.42,[]
4,Puy,15,1.0012816404998398e-05,0.579989987183595,0.0,0.42,[]
4,Puy,16,9.392873542038014e-05,0.5798846650464388,1.4084001632637999e-05,0.4200073222165078,[]
4,Puy,17,0.0008794884914106657,0.5788984814878791,0.00014608237445964817,0.42007594764625,"['Cough', 'Cough', 'Cough']"
4,Puy,18,0.008086923199975301,0.5698256644131768,0.0013708365119765537,0.42071657587487077,[]
4,Puy,19,0.06411711537863864,0.4978664161196515,0.011829377204526861,0.4261870912971825,[]
5,Cvddwf,0,1.2999049769461852e-06,0.999998700095023,0.0,0.0,"['Fatigue', 'Cough', 'Cough', 'Cough']"
5,Cvddwf,1,7.169546578003551e-05,0.9999192797376512,6.452170632345191e-06,2.5726259358842854e-06,[]
5,Cvddwf,2,0.003935967437021599,0.9955583834185975,0.000361507822915915,0.00014414132146417023,[]
5,Cvddwf,3,0.1717837765528583,0.8033921771969219,0.01774765569292664,0.007076390557292498,[]
5,Cvddwf,4,0.6007340662634678,0.23636210878192945,0.11646614605906792,0.04643767889553479,"['Fatigue', 'Cough']"
5,Cvddwf,5,0.31982891823045784,0.12232812282144903,0.4435883716711913,0.11425458727690123,[]
5,Cvddwf,6,0.1843978846976216,0.03540945337401903,0.6277573320059711,0.15243532992238779,[]
5,Cvddwf,7,0.08690638525646495,0.0187762696178312,0.7222851140145504,0.17203223111115257,[]
5,Cvddwf,8,0.03914879247259065,0.014030963510671065,0.7657724862651988,0.18104775775153897,"['Cough', 'Cough']"
5,Cvddwf,9,0.017432293698662386,0.012234927188924905,0.7852430933825161,0.1850896857298959,[]
5,Cvddwf,10,0.0077157288596430345,0.011513408115991788,0.7938868159790047,0.18688404704535955,[]
5,Cvddwf,11,0.0034066110930776466,0.0057161914540563505,0.7977078997146038,0.19316929773826141,[]
5,Cvddwf,12,0.0014611132256825738,0.005649625413062522,0.7993740792948048,0.1935151820664491,"['Cough', 'Cough', 'Cough']"
5,Cvddwf,13,0.000626305656813182,0.005621185097414297,0.8000885198361486,0.19366398940962254,[]
5,Cvddwf,14,0.00026843914723116626,0.0056090388253583244,0.8003947495260895,0.19372777250131995,[]
5,Cvddwf,15,0.00011505010176273389,0.00560384102632511,0.8005259990467285,0.19375510982518232,[]
5,Cvddwf,16,4.9308331125352746e-05,0.005601614807153841,0.8005822506614774,0.1937668262002417,[]
5,Cvddwf,17,2.1132468649702813e-05,0.005600660966643391,0.8006063589635577,0.19377184760114682,"['Cough', 'Cough', 'Cough']"
5,Cvddwf,18,9.04854425293676e-06,0.005600252328339351,0.8006166871902279,0.1937740119371771,[]
5,Cvddwf,19,3.8744189310039276e-06,0.005600077366021149,0.8006211095486304,0.193774938666415,[]
6,Ssuqrktd,0,0.0,1.0,0.0,0.0,"['Fatigue', 'Cough', 'Cough', 'Cough']"
6,Ssuqrktd,1,0.0,1.0,0.0,0.0,[]
6,Ssuqrktd,2,0.0,1.0,0.0,0.0,[]
6,Ssuqrktd,3,3.2249637997813474e-06,0.9999967750362002,0.0,0.0,[]
6,Ssuqrktd,4,6.810256709098777e-05,0.9999171404843004,1.157715412659561e-05,3.1797944823736835e-06,"['Fatigue', 'Cough']"
6,Ssuqrktd,5,0.0010353511027974167,0.9985234683465578,0.000384713653786103,5.64668968586729e-05,[]
6,Ssuqrktd,6,0.015314089386329038,0.9778490471219996,0.00598117392041629,0.0008556895712551549,[]
6,Ssuqrktd,7,0.15988748099459194,0.7538996935200187,0.07543809064369549,0.010774734841693258,[]
6,Ssuqrktd,8,0.330143861872327,0.2602443766679719,0.35842417862512727,0.051187582834573205,"['Cough', 'Cough']"
6,Ssuqrktd,9,0.18252829609814358,0.0853564285826767,0.6405795263938179,0.09153574892536144,[]
6,Ssuqrktd,10,0.07058655513921207,0.051676245357635035,0.7679828038625334,0.10975439564061927,[]
6,Ssuqrktd,11,0.02527404395311385,0.01844788352678183,0.8153027601072131,0.14097531241289055,[]
6,Ssuqrktd,12,0.008016612129535524,0.017317737580624225,0.8313898821920419,0.14327576809779763,"['Cough', 'Cough', 'Cough']"
6,Ssuqrktd,13,0.0025352370514383853,0.01697287453555984,0.8364850734790243,0.14400681493397696,[]
6,Ssuqrktd,14,0.000801066813640104,0.01686530257856228,0.8380957231959465,0.1442379074118507,[]
6,Ssuqrktd,15,0.0002530466810529535,0.016831460051139134,0.8386045766778735,0.14431091658993428,[]
6,Ssuqrktd,16,7.992732814370684e-05,0.01682078428753177,0.8387653101145214,0.14433397826980296,[]
6,Ssuqrktd,17,2.52451635106324e-05,0.016817413701303498,0.8388160787003774,0.1443412624348083,"['Cough', 'Cough', 'Cough']"
6,Ssuqrktd,18,7.966223200245705e-06,0.016816349500041138,0.8388321079710324,0.1443435763057255,[]
6,Ssuqrktd,19,2.51377024357137e-06,0.016816013701124368,0.8388371660716603,0.14434430645697122,[]
7,Wpb,0,0.0,1.0,0.0,0.0,"['Fatigue', 'Cough', 'Cough', 'Cough']"
7,Wpb,1,0.0,1.0,0.0,0.0,[]
7,Wpb,2,0.0,1.0,0.0,0.0,[]
7,Wpb,3,0.0,1.0,0.0,0.0,[]
7,Wpb,4,0.0,1.0,0.0,0.0,"['Fatigue', 'Cough']"
7,Wpb,5,0.0,1.0,0.0,0.0,[]
7,Wpb,6,0.0,1.0,0.0,0.0,[]
7,Wpb,7,0.0,1.0,0.0,0.0,[]
7,Wpb,8,0.0,1.0,0.0,0.0,"['Cough', 'Cough']"
7,Wpb,9,0.0,1.0,0.0,0.0,[]
7,Wpb,10,0.0,1.0,0.0,0.0,[]
7,Wpb,11,0.0,0.52,0.0,0.48,[]
7,Wpb,12,0.0,0.52,0.0,0.48,"['Cough', 'Cough', 'Cough']"
7,Wpb,13,0.0,0.52,0.0,0.48,[]
7,Wpb,14,0.0,0.52,0.0,0.48,[]
7,Wpb,15,0.0,0.52,0.0,0.48,[]
7,Wpb,16,0.0,0.52,0.0,0.48,[]
7,Wpb,17,0.0,0.52,0.0,0.48,"['Cough', 'Cough', 'Cough']"
7,Wpb,18,0.0,0.52,0.0,0.48,[]
7,Wpb,19,4.989820765638099e-06,0.5199950101792343,0.0,0.48,[]
8,Jyudawpc,0,0.0,1.0,0.0,0.0,"['Fatigue', 'Cough', 'Cough', 'Cough']"
8,Jyudawpc,1,0.0,1.0,0.0,0.0,[]
8,Jyudawpc,2,0.0,1.0,0.0,0.0,[]
8,Jyudawpc,3,0.0,1.0,0.0,0.0,[]
8,Jyudawpc,4,0.0,1.0,0.0,0.0,"['Fatigue', 'Cough']"
8,Jyudawpc,5,0.0,1.0,0.0,0.0,[]
8,Jyudawpc,6,0.0,1.0,0.0,0.0,[]
8,Jyudawpc,7,0.0,1.0,0.0,0.0,[]
8,Jyudawpc,8,0.0,1.0,0.0,0.0,"['Cough', 'Cough']"
8,Jyudawpc,9,0.0,1.0,0.0,0.0,[]
8,Jyudawpc,10,0.0,1.0,0.0,0.0,[]
8,Jyudawpc,11,0.0,0.49,0.0,0.51,[]
8,Jyudawpc,12,1.1888881755559835e-06,0.4899988111118244,0.0,0.51,"['Cough', 'Cough', 'Cough']"
8,Jyudawpc,13,6.534739573316515e-06,0.4899898203055579,3.190827984353044e-06,0.5100004541268839,[]
8,Jyudawpc,14,3.591338326856052e-05,0.4899404084688182,2.072807474987867e-05,0.5100029500731632,[]
8,Jyudawpc,15,0.00019722360383908456,0.48966904129812855,0.00011707297035460852,0.510016662127677,[]
8,Jyudawpc,16,0.0010786421171314136,0.48818445419029327,0.0006450924658122769,0.5100918112267626,[]
8,Jyudawpc,17,0.005769451733687467,0.4802309354772097,0.0035012988839848154,0.5104983139051168,"['Cough', 'Cough', 'Cough']"
8,Jyudawpc,18,0.027545657444101555,0.4419514056879439,0.01793749546280224,0.5125654414051514,[]
8,Jyudawpc,19,0.08474433799010042,0.3217946389495703,0.07300975267333217,0.5204512703869958,[]
9,Ooxl,0,0.0,1.0,0.0,0.0,"['Fatigue', 'Cough', 'Cough', 'Cough']"
9,Ooxl,1,0.0,1.0,0.0,0.0,[]
9,Ooxl,2,0.0,1.0,0.0,0.0,[]
9,Ooxl,3,0.0,1.0,0.0,0.0,[]
9,Ooxl,4,0.0,1.0,0.0,0.0,"['Fatigue', 'Cough']"
9,Ooxl,5,0.0,1.0,0.0,0.0,[]
9,Ooxl,6,0.0,1.0,0.0,0.0,[]
9,Ooxl,7,0.0,1.0,0.0,0.0,[]
9,Ooxl,8,0.0,1.0,0.0,0.0,"['Cough', 'Cough']"
9,Ooxl,9,4.54822482784969e-06,0.9999954517751721,0.0,0.0,[]
9,Ooxl,10,0.00017449771914804048,0.9997723800085835,4.5201166971111704e-05,7.921105297479867e-06,[]
9,Ooxl,11,0.006624855933697874,0.3172142092355811,0.0017704793379162904,0.6743904554928043,[]
9,Ooxl,12,0.009470510104949863,0.30509463334285347,0.009661559035899958,0.6757732975162963,"['Cough', 'Cough', 'Cough']"
9,Ooxl,13,0.012723441927262139,0.2889794059267765,0.020600495309344595,0.6776966568366164,[]
9,Ooxl,14,0.01566339195457718,0.269498044708129,0.034668391788302194,0.6801701715489914,[]
9,Ooxl,15,0.017444195011045424,0.24835111564960977,0.051138610238470356,0.6830660791008749,[]
9,Ooxl,16,0.017525356566252794,0.22778915268888425,0.06855682145674216,0.686128669288121,[]
9,Ooxl,17,0.01600500537194235,0.20969546314024093,0.08523788279511894,0.6890616486926978,"['Cough', 'Cough', 'Cough']"
9,Ooxl,18,0.013471446194591638,0.19501848823225143,0.09986150847123573,0.6916485571019206,[]
9,Ooxl,19,0.010641289937913492,0.18381560696079047,0.1117852458109854,0.6937578572903091,[]
10,Tmoub,0,0.0,1.0,0.0,0.0,"['Fatigue', 'Cough', 'Cough', 'Cough']"
10,Tmoub,1,0.0,1.0,0.0,0.0,[]
10,Tmoub,2,0.0,1.0,0.0,0.0,[]
10,Tmoub,3,0.0,1.0,0.0,0.0,[]
10,Tmoub,4,0.0,1.0,0.0,0.0,"['Fatigue', 'Cough']"
10,Tmoub,5,0.0,1.0,0.0,0.0,[]
10,Tmoub,6,0.0,1.0,0.0,0.0,[]
10,Tmoub,7,0.0,1.0,0.0,0.0,[]
10,Tmoub,8,0.0,1.0,0.0,0.0,"['Cough', 'Cough']"
10,Tmoub,9,0.0,1.0,0.0,0.0,[]
10,Tmoub,10,0.0,1.0,0.0,0.0,[]
10,Tmoub,11,0.0,0.5900000000000001,0.0,0.41,[]
10,Tmoub,12,0.0,0.5900000000000001,0.0,0.41,"['Cough', 'Cough', 'Cough']"
10,Tmoub,13,0.0,0.5900000000000001,0.0,0.41,[]
10,Tmoub,14,1.4752569897676175e-06,0.5899985247430102,0.0,0.41,[]
10,Tmoub,15,9.305199193161844e-06,0.5899883365254995,1.60048356613737e-06,0.41000075779174106,[]
10,Tmoub,16,5.868577219598308e-05,0.5899240819655193,1.1694967296980323e-05,0.41000553729498823,[]
10,Tmoub,17,0.00036984472456715495,0.589519150340204,7.533538346992184e-05,0.4100356695517596,"['Cough', 'Cough', 'Cough']"
10,Tmoub,18,0.002318241596878515,0.5869802732666213,0.00047529097578890883,0.41022619416071215,[]
10,Tmoub,19,0.014120358428729022,0.5715290908929468,0.0029469473785745087,0.41140360329975,[]
11,Axlqasr,0,0.0,1.0,0.0,0.0,"['Fatigue', 'Cough', 'Cough', 'Cough']"
11,Axlqasr,1,0.0,1.0,0.0,0.0,[]
11,Axlqasr,2,0.0,1.0,0.0,0.0,[]
11,Axlqasr,3,0.0,1.0,0.0,0.0,[]
11,Axlqasr,4,0.0,1.0,0.0,0.0,"['Fatigue', 'Cough']"
11,Axlqasr,5,0.0,1.0,0.0,0.0,[]
11,Axlqasr,6,0.0,1.0,0.0,0.0,[]
11,Axlqasr,7,0.0,1.0,0.0,0.0,[]
11,Axlqasr,8,0.0,1.0,0.0,0.0,"['Cough', 'Cough']"
11,Axlqasr,9,0.0,1.0,0.0,0.0,[]
11,Axlqasr,10,0.0,1.0,0.0,0.0,[]
11,Axlqasr,11,0.0,0.54,0.0,0.46,[]
11,Axlqasr,12,0.0,0.54,0.0,0.46,"['Cough', 'Cough', 'Cough']"
11,Axlqasr,13,0.0,0.54,0.0,0.46,[]
11,Axlqasr,14,0.0,0.54,0.0,0.46,[]
11,Axlqasr,15,0.0,0.54,0.0,0.46,[]
11,Axlqasr,16,0.0,0.54,0.0,0.46,[]
11,Axlqasr,17,1.0052029303675826e-06,0.5399989947970696,0.0,0.46,"['Cough', 'Cough', 'Cough']"
11,Axlqasr,18,9.018448243244026e-06,0.5399886565423436,1.6469887171875078e-06,0.46000067802069594,[]
11,Axlqasr,19,8.089584916407259e-05,0.5398959216758749,1.642198714676991e-05,0.46000676048781436,[]
12,Rpfe,0,0.0,1.0,0.0,0.0,"['Fatigue', 'Cough', 'Cough', 'Cough']"
12,Rpfe,1,0.0,1.0,0.0,0.0,[]
12,Rpfe,2,0.0,1.0,0.0,0.0,[]
12,Rpfe,3,0.0,1.0,0.0,0.0,[]
12,Rpfe,4,0.0,1.0,0.0,0.0,"['Fatigue', 'Cough']"
12,Rpfe,5,0.0,1.0,0.0,0.0,[]
12,Rpfe,6,0.0,1.0,0.0,0.0,[]
12,Rpfe,7,0.0,1.0,0.0,0.0,[]
12,Rpfe,8,0.0,1.0,0.0,0.0,"['Cough', 'Cough']"
12,Rpfe,9,0.0,1.0,0.0,0.0,[]
12,Rpfe,10,0.0,1.0,0.0,0.0,[]
12,Rpfe,11,0.0,0.5700000000000001,0.0,0.43,[]
12,Rpfe,12,0.0,0.5700000000000001,0.0,0.43,"['Cough', 'Cough', 'Cough']"
12,Rpfe,13,0.0,0.5700000000000001,0.0,0.43,[]
12,Rpfe,14,0.0,0.5700000000000001,0.0,0.43,[]
12,Rpfe,15,0.0,0.5700000000000001,0.0,0.43,[]
12,Rpfe,16,0.0,0.5700000000000001,0.0,0.43,[]
12,Rpfe,17,1.0148400053989489e-06,0.5699989851599946,0.0,0.43,"['Cough', 'Cough', 'Cough']"
12,Rpfe,18,4.9691323715319056e-06,0.5699925099693478,2.1581309291626778e-06,0.4300003627673515,[]
12,Rpfe,19,2.432946568224458e-05,0.5699608065713715,1.2724979190948487e-05,0.4300021389837556,[]
13,Pajwdvp,0,0.0,1.0,0.0,0.0,"['Fatigue', 'Cough', 'Cough', 'Cough']"
13,Pajwdvp,1,0.0,1.0,0.0,0.0,[]
13,Pajwdvp,2,0.0,1.0,0.0,0.0,[]
13,Pajwdvp,3,0.0,1.0,0.0,0.0,[]
13,Pajwdvp,4,0.0,1.0,0.0,0.0,"['Fatigue', 'Cough']"
13,Pajwdvp,5,0.0,1.0,0.0,0.0,[]
13,Pajwdvp,6,0.0,1.0,0.0,0.0,[]
13,Pajwdvp,7,0.0,1.0,0.0,0.0,[]
13,Pajwdvp,8,0.0,1.0,0.0,0.0,"['Cough', 'Cough']"
13,Pajwdvp,9,0.0,1.0,0.0,0.0,[]
13,Pajwdvp,10,0.0,1.0,0.0,0.0,[]
13,Pajwdvp,11,0.0,0.36,0.0,0.64,[]
13,Pajwdvp,12,0.0,0.36,0.0,0.64,"['Cough', 'Cough', 'Cough']"
13,Pajwdvp,13,0.0,0.36,0.0,0.64,[]
13,Pajwdvp,14,0.0,0.36,0.0,0.64,[]
13,Pajwdvp,15,0.0,0.36,0.0,0.64,[]
13,Pajwdvp,16,0.0,0.36,0.0,0.64,[]
13,Pajwdvp,17,0.0,0.36,0.0,0.64,"['Cough', 'Cough', 'Cough']"
13,Pajwdvp,18,0.0,0.36,0.0,0.64,[]
13,Pajwdvp,19,0.0,0.36,0.0,0.64,[]
14,Wyy,0,0.0,1.0,0.0,0.0,"['Fatigue', 'Cough', 'Cough', 'Cough']"
14,Wyy,1,0.0,1.0,0.0,0.0,[]
14,Wyy,2,0.0,1.0,0.0,0.0,[]
14,Wyy,3,0.0,1.0,0.0,0.0,[]
14,Wyy,4,0.0,1.0,0.0,0.0,"['Fatigue', 'Cough']"
14,Wyy,5,0.0,1.0,0.0,0.0,[]
14,Wyy,6,0.0,1.0,0.0,0.0,[]
14,Wyy,7,0.0,1.0,0.0,0.0,[]
14,Wyy,8,0.0,1.0,0.0,0.0,"['Cough', 'Cough']"
14,Wyy,9,0.0,1.0,0.0,0.0,[]
14,Wyy,10,0.0,1.0,0.0,0.0,[]
14,Wyy,11,0.0,0.43000000000000005,0.0,0.57,[]
14,Wyy,12,0.0,0.43000000000000005,0.0,0.57,"['Cough', 'Cough', 'Cough']"
14,Wyy,13,0.0,0.43000000000000005,0.0,0.57,[]
14,Wyy,14,0.0,0.43000000000000005,0.0,0.57,[]
14,Wyy,15,0.0,0.43000000000000005,0.0,0.57,[]
14,Wyy,16,0.0,0.43000000000000005,0.0,0.57,[]
14,Wyy,17,0.0,0.43000000000000005,0.0,0.57,"['Cough', 'Cough', 'Cough']"
14,Wyy,18,0.0,0.43000000000000005,0.0,0.57,[]
14,Wyy,19,0.0,0.43000000000000005,0.0,0.57,[]
15,Bob,0,0.0,1.0,0.0,0.0,"['Fatigue', 'Cough', 'Cough', 'Cough']"
15,Bob,1,0.0,1.0,0.0,0.0,[]
15,Bob,2,0.0,1.0,0.0,0.0,[]
15,Bob,3,0.0,1.0,0.0,0.0,[]
15,Bob,4,0.0,1.0,0.0,0.0,"['Fatigue', 'Cough']"
15,Bob,5,0.0,1.0,0.0,0.0,[]
15,Bob,6,0.0,1.0,0.0,0.0,[]
15,Bob,7,0.0,1.0,0.0,0.0,[]
15,Bob,8,0.0,1.0,0.0,0.0,"['Cough', 'Cough']"
15,Bob,9,0.0,1.0,0.0,0.0,[]
15,Bob,10,1.9084370091738566e-06,0.9999980915629908,0.0,0.0,[]
15,Bob,11,0.0003085472133478308,0.599791829855864,2.9034555069866874e-05,0.39987058837571815,[]
15,Bob,12,0.005165195269246328,0.5938221543258524,0.000870537429141898,0.40014211297575975,"['Cough', 'Cough', 'Cough']"
15,Bob,13,0.07368357987334964,0.5080293184515197,0.013920221582306972,0.4043668800928237,[]
15,Bob,14,0.29224629098560945,0.16680263426852737,0.10658458935323031,0.4343664853926332,[]
15,Bob,15,0.24225609412745966,0.030667355697764603,0.24718984674805963,0.4798867034267167,[]
15,Bob,16,0.1395963602779556,0.010016694776564432,0.34034254256381774,0.5100444023816628,[]
15,Bob,17,0.07562820587726701,0.005383412212045326,0.3921663065054292,0.5268220754052595,"['Cough', 'Cough', 'Cough']"
15,Bob,18,0.04027077310404492,0.003859132391864149,0.41998645960427666,0.5358836348998155,[]
15,Bob,19,0.021316608947200427,0.0032344995295563706,0.4347548933960822,0.5406939981271625,[]
16,Dtf,0,0.0,1.0,0.0,0.0,"['Fatigue', 'Cough', 'Cough', 'Cough']"
16,Dtf,1,0.0,1.0,0.0,0.0,[]
16,Dtf,2,0.0,1.0,0.0,0.0,[]
16,Dtf,3,0.0,1.0,0.0,0.0,[]
16,Dtf,4,0.0,1.0,0.0,0.0,"['Fatigue', 'Cough']"
16,Dtf,5,0.0,1.0,0.0,0.0,[]
16,Dtf,6,0.0,1.0,0.0,0.0,[]
16,Dtf,7,0.0,1.0,0.0,0.0,[]
16,Dtf,8,0.0,1.0,0.0,0.0,"['Cough', 'Cough']"
16,Dtf,9,0.0,1.0,0.0,0.0,[]
16,Dtf,10,0.0,1.0,0.0,0.0,[]
16,Dtf,11,0.0,0.31000000000000005,0.0,0.69,[]
16,Dtf,12,0.0,0.31000000000000005,0.0,0.69,"['Cough', 'Cough', 'Cough']"
16,Dtf,13,0.0,0.31000000000000005,0.0,0.69,[]
16,Dtf,14,0.0,0.31000000000000005,0.0,0.69,[]
16,Dtf,15,0.0,0.31000000000000005,0.0,0.69,[]
16,Dtf,16,0.0,0.31000000000000005,0.0,0.69,[]
16,Dtf,17,0.0,0.31000000000000005,0.0,0.69,"['Cough', 'Cough', 'Cough']"
16,Dtf,18,0.0,0.31000000000000005,0.0,0.69,[]
16,Dtf,19,1.191369717764514e-05,0.3099880863028224,0.0,0.69,[]
17,Rpvj,0,0.0,1.0,0.0,0.0,"['Fatigue', 'Cough', 'Cough', 'Cough']"
17,Rpvj,1,0.0,1.0,0.0,0.0,[]
17,Rpvj,2,0.0,1.0,0.0,0.0,[]
17,Rpvj,3,0.0,1.0,0.0,0.0,[]
17,Rpvj,4,0.0,1.0,0.0,0.0,"['Fatigue', 'Cough']"
17,Rpvj,5,0.0,1.0,0.0,0.0,[]
17,Rpvj,6,0.0,1.0,0.0,0.0,[]
17,Rpvj,7,0.0,1.0,0.0,0.0,[]
17,Rpvj,8,0.0,1.0,0.0,0.0,"['Cough', 'Cough']"
17,Rpvj,9,0.0,1.0,0.0,0.0,[]
17,Rpvj,10,0.0,1.0,0.0,0.0,[]
17,Rpvj,11,0.0,0.53,0.0,0.47,[]
17,Rpvj,12,0.0,0.53,0.0,0.47,"['Cough', 'Cough', 'Cough']"
17,Rpvj,13,0.0,0.53,0.0,0.47,[]
17,Rpvj,14,0.0,0.53,0.0,0.47,[]
17,Rpvj,15,0.0,0.53,0.0,0.47,[]
17,Rpvj,16,0.0,0.53,0.0,0.47,[]
17,Rpvj,17,1.2384038955232937e-06,0.5299987615961045,0.0,0.47,"['Cough', 'Cough', 'Cough']"
17,Rpvj,18,9.725460695546813e-06,0.5299877448570444,1.7034603955848444e-06,0.4700008262218646,[]
17,Rpvj,19,7.636236913227031e-05,0.5299012435674264,1.5079917651421157e-05,0.47000731414579033,[]
18,Bvkg,0,0.0,1.0,0.0,0.0,"['Fatigue', 'Cough', 'Cough', 'Cough']"
18,Bvkg,1,0.0,1.0,0.0,0.0,[]
18,Bvkg,2,0.0,1.0,0.0,0.0,[]
18,Bvkg,3,0.0,1.0,0.0,0.0,[]
18,Bvkg,4,0.0,1.0,0.0,0.0,"['Fatigue', 'Cough']"
18,Bvkg,5,3.6666568889149627e-06,0.9999963333431111,0.0,0.0,[]
18,Bvkg,6,0.00016908350958162976,0.9998078598877055,1.609378865435415e-05,6.9628140586006984e-06,[]
18,Bvkg,7,0.0077250234863291325,0.9911935219548763,0.0007548684134087701,0.0003265861453856103,[]
18,Bvkg,8,0.24669845237643467,0.7118454960654894,0.028936827360294477,0.012519224197780754,"['Cough', 'Cough']"
18,Bvkg,9,0.5869807149863221,0.2507308948515634,0.11324517518977747,0.049043214972336775,[]
18,Bvkg,10,0.43550619231513954,0.12124907983312999,0.3092768411865331,0.13396788666519754,[]
18,Bvkg,11,0.32413459675192907,0.00970855326296144,0.45830101272868606,0.20785583725642373,[]
18,Bvkg,12,0.19259542524456122,0.0029384817496520043,0.5548035211079283,0.24966257189785854,"['Cough', 'Cough', 'Cough']"
18,Bvkg,13,0.11258295016412463,0.0014517071311938826,0.6116105989769743,0.27435474372770663,[]
18,Bvkg,14,0.06553819231471478,0.0009627950123419662,0.6447427922335367,0.2887562204394059,[]
18,Bvkg,15,0.03809375384925363,0.0007583807264743297,0.6640147553134107,0.2971331101108606,[]
18,Bvkg,16,0.022126733690957797,0.0006602296713225377,0.6752125937655882,0.30200044287213096,[]
18,Bvkg,17,0.012847932499828671,0.000609184439093798,0.6817157372207249,0.30482714584035187,"['Cough', 'Cough', 'Cough']"
18,Bvkg,18,0.0074512822532318826,0.0005813920744177663,0.6854897399563292,0.3064775857160206,[]
18,Bvkg,19,0.004321012128119821,0.0005658606171445761,0.6876784005484637,0.30743472670627064,[]
19,Ryex,0,0.0,1.0,0.0,0.0,"['Fatigue', 'Cough', 'Cough', 'Cough']"
19,Ryex,1,0.0,1.0,0.0,0.0,[]
19,Ryex,2,0.0,1.0,0.0,0.0,[]
19,Ryex,3,0.0,1.0,0.0,0.0,[]
19,Ryex,4,0.0,1.0,0.0,0.0,"['Fatigue', 'Cough']"
19,Ryex,5,0.0,1.0,0.0,0.0,[]
19,Ryex,6,0.0,1.0,0.0,0.0,[]
19,Ryex,7,0.0,1.0,0.0,0.0,[]
19,Ryex,8,0.0,1.0,0.0,0.0,"['Cough', 'Cough']"
19,Ryex,9,0.0,1.0,0.0,0.0,[]
19,Ryex,10,2.8307201068879914e-06,0.9999971692798931,0.0,0.0,[]
19,Ryex,11,0.00014654366841321723,0.38992962994826497,2.7128965236361977e-05,0.6098966974180855,[]
19,Ryex,12,0.0003923395149664972,0.38944800747879876,0.0002158951632328468,0.6099437578430026,"['Cough', 'Cough', 'Cough']"
19,Ryex,13,0.0010552476655151868,0.3881514165892004,0.0007227851282074735,0.610070550617078,[]
19,Ryex,14,0.0028075929751670598,0.3847038319010669,0.002078826213483908,0.6104097489102829,[]
19,Ryex,15,0.007260437914441714,0.3758037978367091,0.0056361829172965955,0.6112995813315536,[]
19,Ryex,16,0.01749216870314667,0.35447002569245284,0.014516830924690242,0.6135209746797109,[]
19,Ryex,17,0.0360439526221026,0.3111911189334205,0.03429633517491555,0.6184685932695623,"['Cough', 'Cough', 'Cough']"
19,Ryex,18,0.05648183603637851,0.2463866982153468,0.0697423731403106,0.6273890926079655,[]
19,Ryex,19,0.06329743670422115,0.18112155877288585,0.11643983245020338,0.6391411720726908,[]
